200
0
0.5 -0.5517776536255098 -2.1705921670091364 -10.999370026421968 0.0 0.0 0.0
0.5 0.32146347781151124 -9.325538826471497 5.237396331351795 0.0 0.0 0.0
0.5 1.2977356868625813 -8.260043293640045 1.6996599605483875 0.0 0.0 0.0
0.5 6.790443046028444 9.091986914606611 -0.6235504402729616 0.0 0.0 0.0
0.5 3.8129568947801853 1.2682491820350776 3.2696978014557114 0.0 0.0 0.0
0.5 7.921506529275083 -2.2170195177201766 -3.6539774026337506 0.0 0.0 0.0
0.5 3.9097199089623254 1.8963732515982288 -8.153728504880727 0.0 0.0 0.0
0.5 0.6602590581143852 11.76741101903221 -0.09362908920683459 0.0 0.0 0.0
0.5 -1.3662292107547445 6.27026237064532 4.031825183623587 0.0 0.0 0.0
0.5 -1.1350919634814738 2.955775950309759 1.7039994373978624 0.0 0.0 0.0
0.5 0.9069391309068354 -5.455456968049104 -10.39301866837035 0.0 0.0 0.0
0.5 -0.5840552353174993 9.433167630488311 1.3777431540645986 0.0 0.0 0.0
0.5 -3.0245257387199573 6.809758378443628 -5.3286330950616 0.0 0.0 0.0
0.5 -0.15893354748357977 9.000672823809065 6.586820169252007 0.0 0.0 0.0
0.5 -3.363271100817788 9.915902433409233 5.653422207587721 0.0 0.0 0.0
0.5 4.574439508569157 -3.075463984645261 0.7040659527733284 0.0 0.0 0.0
0.5 5.1525088295139225 -7.2428465167612375 -6.873972287193165 0.0 0.0 0.0
0.5 6.0408367398346 -3.7243520390579845 -7.14383395917942 0.0 0.0 0.0
0.5 5.8883898709757965 5.936943851469838 -7.270443257933648 0.0 0.0 0.0
0.5 6.335529936362682 -6.487134883467799 4.209237771703906 0.0 0.0 0.0
0.5 -10.63248033847021 -1.014046450432661 -1.8427825634047974 0.0 0.0 0.0
0.5 8.928767895724988 3.8469026293560726 -0.7266433216072846 0.0 0.0 0.0
0.5 4.719365171253534 -6.731290776550996 -3.381448809800199 0.0 0.0 0.0
0.5 9.611809980526262 -0.8477851973595376 2.5668900505165304 0.0 0.0 0.0
0.5 -5.982066103900028 -8.894580017358413 -2.196840775296027 0.0 0.0 0.0
0.5 4.264386798029837 7.955189765906751 -0.0009096550289620774 0.0 0.0 0.0
0.5 2.3732602711588675 -1.671740174374131 4.867215732674219 0.0 0.0 0.0
0.5 -8.637464323244924 -3.900812037576719 -4.778365862558513 0.0 0.0 0.0
0.5 1.2562002918425759 8.406727291669736 -4.181210182271972 0.0 0.0 0.0
0.5 -0.563193891376322 -7.572456388467591 0.38830282761741186 0.0 0.0 0.0
0.5 -7.536909349961683 1.6349227474705148 3.5818947583617566 0.0 0.0 0.0
0.5 -5.960453850075312 4.445539349667618 -5.229029183921742 0.0 0.0 0.0
0.5 -7.694495171251481 4.828330073910138 1.7554024195470712 0.0 0.0 0.0
0.5 -1.810338382909114 -9.011475153452 2.220667356007858 0.0 0.0 0.0
0.5 7.226485607582674 2.286016724205387 -8.156279999573039 0.0 0.0 0.0
0.5 5.239842637843728 -3.090311859728235 7.1789166641466275 0.0 0.0 0.0
0.5 2.2112131538350557 3.319772744661103 -6.404565565868278 0.0 0.0 0.0
0.5 -5.412242044139593 -0.14585072749227912 -5.617003547577268 0.0 0.0 0.0
0.5 7.893237074054218 1.6811468529072366 7.286587524021065 0.0 0.0 0.0
0.5 10.507878218268033 1.8959115430162936 -3.9533039548235496 0.0 0.0 0.0
0.5 -2.4535655254402076 -5.053006326447305 -7.359097529106533 0.0 0.0 0.0
0.5 4.166875753089926 -4.996159376383925 9.315831790499834 0.0 0.0 0.0
0.5 -10.085028832503037 -0.2537197580000318 4.520526283056766 0.0 0.0 0.0
0.5 -4.456401169343211 2.000496729339786 7.779530879459099 0.0 0.0 0.0
0.5 3.3771813569604405 0.5602548117652555 -11.48897379558448 0.0 0.0 0.0
0.5 -4.65227424395434 -6.825361834502898 4.708042200400459 0.0 0.0 0.0
0.5 4.730488278879188 -1.086270650658446 5.6515980097896445 0.0 0.0 0.0
0.5 -8.928645458355641 2.5383138525695546 -4.860582231156415 0.0 0.0 0.0
0.5 2.3368358857666203 -9.822212167404327 -5.611383538493685 0.0 0.0 0.0
0.5 2.3728936328665173 -7.169435999609119 4.349041133691221 0.0 0.0 0.0
0.5 -1.5166023340407513 -5.739078563367559 -5.00460014130364 0.0 0.0 0.0
0.5 -4.5812021014187465 4.442776683532206 -4.461407785488492 0.0 0.0 0.0
0.5 -6.1483493636868936 6.264553677770443 2.049999575203172 0.0 0.0 0.0
0.5 10.522986129329265 -1.3726034256974635 -0.34043195139793087 0.0 0.0 0.0
0.5 -7.436071890772295 9.191149046466776 -0.786938481737969 0.0 0.0 0.0
0.5 -2.624322125027117 -5.5580403917605885 6.280093484745833 0.0 0.0 0.0
0.5 -3.310635660809162 -0.6082171855177874 8.461363446897991 0.0 0.0 0.0
0.5 -6.127887658497323 5.006062807098661 -4.448514103645214 0.0 0.0 0.0
0.5 1.3208713911056769 -2.444011262194907 7.855905594045916 0.0 0.0 0.0
0.5 -1.8775936625979328 3.238109333264681 6.76375062814859 0.0 0.0 0.0
0.5 -5.910630499164549 2.149247688875189 8.36693147361884 0.0 0.0 0.0
0.5 -3.1532343985160267 0.09279709398814208 -8.681829075267839 0.0 0.0 0.0
0.5 -6.751365928396396 -4.3436311538902554 -8.451272193143343 0.0 0.0 0.0
0.5 -0.6370006868551912 -6.62318822500384 4.012651907445994 0.0 0.0 0.0
0.5 4.27447818933239 8.11974534960324 5.690985755004971 0.0 0.0 0.0
0.5 -0.7070477961557362 5.389318217103068 -10.044695453881078 0.0 0.0 0.0
0.5 6.258464232872601 -5.068386921648437 2.7961422595485623 0.0 0.0 0.0
0.5 -11.234642757993614 1.4747318199524615 -0.6559071006463723 0.0 0.0 0.0
0.5 6.1843036208534405 -9.886677841355878 -0.7918829363412854 0.0 0.0 0.0
0.5 -7.159529905445816 1.2163815458311102 8.316819989165088 0.0 0.0 0.0
0.5 -5.496738107288662 -7.213335920196375 6.6297624731139315 0.0 0.0 0.0
0.5 9.287890225890937 6.3754893913639235 0.17348109414280713 0.0 0.0 0.0
0.5 -5.72103292245233 -2.9863349890774527 7.457554517351855 0.0 0.0 0.0
0.5 6.306892363273292 -5.1755838105179786 2.6814294884494743 0.0 0.0 0.0
0.5 -1.7288985441267612 4.932007832035828 9.747895870208914 0.0 0.0 0.0
0.5 -4.805677020224765 -3.9140156547015335 3.84616360831896 0.0 0.0 0.0
0.5 0.10465424839713353 11.412199417640455 -3.687399041432367 0.0 0.0 0.0
0.5 0.33215136575495535 0.17897908564231643 2.0363213004963177 0.0 0.0 0.0
0.5 2.1162254715487125 -7.84009848916175 -3.8723470872544286 0.0 0.0 0.0
0.5 -8.581794698877731 2.4828629586247084 -2.762607749057278 0.0 0.0 0.0
0.5 -3.5749776021756454 -8.685294248742512 -6.161999900241835 0.0 0.0 0.0
0.5 1.8138169409161105 -7.109990316364532 -3.6791996461259924 0.0 0.0 0.0
0.5 11.17472640044867 -3.667686441295355 2.1460565163639327 0.0 0.0 0.0
0.5 8.403167123048394 -4.201460857801988 -2.526936362104019 0.0 0.0 0.0
0.5 -5.673200133640517 7.776105500348038 7.083711794898223 0.0 0.0 0.0
0.5 8.673230967106175 -3.757022971634719 -5.351141403552723 0.0 0.0 0.0
0.5 -0.8328259795091666 4.010285635284445 -10.59022274759507 0.0 0.0 0.0
0.5 10.279286395170065 0.37436307365724264 2.6851612323731144 0.0 0.0 0.0
0.5 4.522486857254497 1.3397856950327975 -6.118295261194662 0.0 0.0 0.0
0.5 7.158192693860093 3.30957271884947 -2.159556218490931 0.0 0.0 0.0
0.5 7.518699433788789 -8.780574083789936 -2.6214151563848005 0.0 0.0 0.0
0.5 0.03022736193678974 2.0815193270124914 3.718212684815708 0.0 0.0 0.0
0.5 -6.75279878812004 1.6371650463276068 0.05272806918459684 0.0 0.0 0.0
0.5 3.3682223220904506 4.504760583170609 -1.2174390400134967 0.0 0.0 0.0
0.5 -4.989603482433112 4.248358077952782 3.9695922998496003 0.0 0.0 0.0
0.5 -5.617103354884116 -9.032257858820362 5.550684549276884 0.0 0.0 0.0
0.5 -3.37444194083568 -8.30078719990154 -3.713630191576073 0.0 0.0 0.0
0.5 2.483596846389297 1.6585203230361818 -6.6617168025810685 0.0 0.0 0.0
0.5 -5.265170986082909 5.241777925272285 2.469141536831065 0.0 0.0 0.0
0.5 7.156757750186153 -0.513424638311848 4.650800739514992 0.0 0.0 0.0
0.5 2.1651477811125153 -5.32975076873129 7.93611658970414 0.0 0.0 0.0
0.5 -6.185712061244247 3.943410956850452 -9.347483905969725 0.0 0.0 0.0
0.5 5.493099452880319 7.487414558551313 -3.388558931755372 0.0 0.0 0.0
0.5 -0.096283344286354 -11.604809834412011 -2.1516871355381384 0.0 0.0 0.0
0.5 3.4548356341575053 -4.888345835399996 0.34565338762989484 0.0 0.0 0.0
0.5 -4.0659820054850675 0.10874162815118078 10.943692932267448 0.0 0.0 0.0
0.5 0.2389841670626637 0.6679972245911758 -3.95953859243142 0.0 0.0 0.0
0.5 3.761351852574813 -0.6560858381968694 -3.452068407946301 0.0 0.0 0.0
0.5 -6.59203444783125 -0.5782281091806025 9.182901916883383 0.0 0.0 0.0
0.5 1.8293453887842537 -0.07252882942856939 -8.295371638059692 0.0 0.0 0.0
0.5 -1.6498091009637281 -0.5776815091656934 -4.1068981016413835 0.0 0.0 0.0
0.5 -3.5016392721280742 0.3909246764141808 8.108747528150234 0.0 0.0 0.0
0.5 4.21884474705415 -0.9360017982497045 -8.562558651395141 0.0 0.0 0.0
0.5 7.50588790187944 -1.03544370774839 -0.3696376493984187 0.0 0.0 0.0
0.5 3.9802967368622584 -0.2430853297806457 2.090205252644506 0.0 0.0 0.0
0.5 -0.6170237474804136 6.214133829707892 -8.611926184703604 0.0 0.0 0.0
0.5 6.909065494536722 7.58597023289508 -3.296217906984729 0.0 0.0 0.0
0.5 -5.634020517647952 -7.440213745666981 -1.5167277444506304 0.0 0.0 0.0
0.5 1.6701424508246228 5.581951683250644 4.269839579819345 0.0 0.0 0.0
0.5 -0.5648200216517033 -8.450780494548924 1.7225260718698725 0.0 0.0 0.0
0.5 -6.33679652958729 2.2565699062163045 -5.420847474884952 0.0 0.0 0.0
0.5 -4.296183550788447 -9.194706903829383 4.5441835535566435 0.0 0.0 0.0
0.5 -2.5231937468053034 1.007432549301086 -4.318813753475739 0.0 0.0 0.0
0.5 -2.4341266664998433 8.429187589911669 -0.061105239164586475 0.0 0.0 0.0
0.5 3.064412653266688 0.7489786077495942 -1.285030381931443 0.0 0.0 0.0
0.5 0.12111517005768156 9.823393152386132 4.2857619012569295 0.0 0.0 0.0
0.5 -0.45802590834460105 3.554605176329283 0.8952910365798459 0.0 0.0 0.0
0.5 1.4682282271097378 2.4492496005299373 -2.7833268195050134 0.0 0.0 0.0
0.5 -1.1956704254003974 -2.6182790072526627 -7.377741032468358 0.0 0.0 0.0
0.5 -0.8175861256899866 -8.407774004762175 2.4104735908347013 0.0 0.0 0.0
0.5 -5.330918758239825 9.890205285621915 -1.976848936668302 0.0 0.0 0.0
0.5 8.668932259974897 -3.4203292999113817 -2.4231292449921122 0.0 0.0 0.0
0.5 1.0554026524572113 -0.7200587346779945 11.853943237379015 0.0 0.0 0.0
0.5 2.0342277329561096 -0.40732696727555806 9.115923726704276 0.0 0.0 0.0
0.5 8.506436686496015 0.23686808009452273 -0.5607101964941897 0.0 0.0 0.0
0.5 -5.529841866627741 -0.8644898560469131 3.6354251897824033 0.0 0.0 0.0
0.5 -5.071676195730213 6.579201377543386 -6.314541112265674 0.0 0.0 0.0
0.5 -1.6559096168984688 -5.718667239594958 3.9206722379221364 0.0 0.0 0.0
0.5 0.5261288277841781 6.610825794374475 1.5929081214554037 0.0 0.0 0.0
0.5 -5.032465172049414 5.049573562946724 -4.5729475188646616 0.0 0.0 0.0
0.5 3.4119391763183993 3.7724176813496832 -9.651358950017617 0.0 0.0 0.0
0.5 -4.8534530240992035 -1.6400044018716464 9.483556355154576 0.0 0.0 0.0
0.5 -0.29765013813447405 -4.832623822879828 8.280129659933582 0.0 0.0 0.0
0.5 -7.489904121165454 4.974248051660847 -0.6272204240202808 0.0 0.0 0.0
0.5 -9.790559491419604 2.08457443267467 4.764157684294538 0.0 0.0 0.0
0.5 2.3587416707543283 -6.795744888712162 -8.370324148833689 0.0 0.0 0.0
0.5 4.994940725970972 -0.7277972527333144 6.272139462208235 0.0 0.0 0.0
0.5 5.334541808564465 -5.641578027017764 7.305541539974943 0.0 0.0 0.0
0.5 7.960475837966831 8.07331382402682 1.0850836024780675 0.0 0.0 0.0
0.5 1.4162014146396613 -1.031859261115667 -2.667081473890049 0.0 0.0 0.0
0.5 -0.5559974322384034 2.0101939073394974 -10.271878434143195 0.0 0.0 0.0
0.5 -1.7931785664337845 -1.7824463136306965 2.089616939704814 0.0 0.0 0.0
0.5 0.8049218097024057 7.898927409970892 6.147580724558249 0.0 0.0 0.0
0.5 -4.459236728276808 -7.619051422639004 6.762956243606171 0.0 0.0 0.0
0.5 -4.997646823195485 9.33000486812695 -1.180500764953114 0.0 0.0 0.0
0.5 3.292588710184251 -1.5305987490756183 7.553156103792878 0.0 0.0 0.0
0.5 -7.53428784570246 1.9899860077448686 -5.131846892046007 0.0 0.0 0.0
0.5 -0.9536257594143678 7.91349485856402 -7.023738230346174 0.0 0.0 0.0
0.5 8.502018271762479 -3.6465839864268195 -1.3826609922136959 0.0 0.0 0.0
0.5 -9.490049187969896 6.0418926211788095 0.8656012328001423 0.0 0.0 0.0
0.5 -0.021341354875711704 -5.168253109935049 -7.777083219638228 0.0 0.0 0.0
0.5 1.3684973121689834 -4.332038375551147 3.8899151377554673 0.0 0.0 0.0
0.5 1.7630900475653803 8.370049949274819 -7.122515252870115 0.0 0.0 0.0
0.5 0.4257450403374523 7.364848752105622 -6.492131518435425 0.0 0.0 0.0
0.5 9.84057793866284 -4.310943966341831 -2.067623437303217 0.0 0.0 0.0
0.5 -0.5266945333321416 10.687925128448722 -0.7594234771594781 0.0 0.0 0.0
0.5 -1.813288622651464 -0.22263344319142817 -0.061969136988101824 0.0 0.0 0.0
0.5 -2.3742393323248234 -0.2912414976861001 -3.8436388213191823 0.0 0.0 0.0
0.5 4.300805847576022 1.3269922645873433 1.2123268661031013 0.0 0.0 0.0
0.5 -4.86921574630455 2.3633474062686033 -7.486599114370125 0.0 0.0 0.0
0.5 -8.500165305553944 2.437084945201846 1.2894445164333244 0.0 0.0 0.0
0.5 6.580293558079793 -4.519270099299894 -7.204933256021571 0.0 0.0 0.0
0.5 -1.4176079392335412 -5.374972017262503 -5.215365710901008 0.0 0.0 0.0
0.5 -4.812853203794543 -4.957365652148985 7.640881697763719 0.0 0.0 0.0
0.5 -4.781259994117787 -8.648601436738037 -5.40321858911424 0.0 0.0 0.0
0.5 0.03947418601960983 -5.223635486370646 -1.9137606186490754 0.0 0.0 0.0
0.5 -4.937267538848064 -5.0068445379478215 1.067640838254977 0.0 0.0 0.0
0.5 6.4558815580187785 0.33645797726267834 0.10927094583930783 0.0 0.0 0.0
0.5 0.14706282655441943 1.608996313557593 11.350640899721995 0.0 0.0 0.0
0.5 -4.366810869234007 -4.229532807077223 1.7402468655785366 0.0 0.0 0.0
0.5 2.1861611344685734 -2.3171441491935365 -7.000944720424098 0.0 0.0 0.0
0.5 1.449862463043251 0.877365086239989 -1.0959598850448413 0.0 0.0 0.0
0.5 -5.885111550222773 6.764841864468468 -2.5575565533419407 0.0 0.0 0.0
0.5 -4.015066139620991 -5.360588773007408 -6.9547963332431895 0.0 0.0 0.0
0.5 1.4024173279393062 5.693706316466642 -2.3330801841995408 0.0 0.0 0.0
0.5 9.762495691893397 -5.846653458008886 0.740232711068034 0.0 0.0 0.0
0.5 -8.120674466388236 3.9223191815379037 1.0597309151717975 0.0 0.0 0.0
0.5 -2.9685104246776084 -3.0803427425186083 7.061840958095138 0.0 0.0 0.0
0.5 3.9921327561525204 6.961680956982727 -7.666156845000982 0.0 0.0 0.0
0.5 9.45695098681873 -1.9532883909641792 2.2876707427461818 0.0 0.0 0.0
0.5 -0.9671332769831028 9.575279672066435 5.980430280370778 0.0 0.0 0.0
0.5 5.5989964188419625 3.009971226852877 -1.3647645448378423 0.0 0.0 0.0
0.5 -1.3251636924725023 3.516360386972173 -0.3428622897539345 0.0 0.0 0.0
0.5 6.739053465299601 -0.7321560151828391 3.2832253579419786 0.0 0.0 0.0
0.5 -2.5977935410186395 0.9779814563974989 11.038581174769423 0.0 0.0 0.0
0.5 10.827676373718342 -3.6363778407580463 2.3051685175280645 0.0 0.0 0.0
0.5 -0.6589394032079564 -6.693990618679297 7.432210565395973 0.0 0.0 0.0
0.5 0.9651838401847513 5.0815777614350806 -8.746599627716163 0.0 0.0 0.0
0.5 3.0799736218727287 0.3594014493310526 -0.6802211926993728 0.0 0.0 0.0
0.5 0.37748723676852675 6.228611229195691 3.606766856715155 0.0 0.0 0.0
