800
0
0.0125 -0.4135038492780221 0.5390058190446261 -0.1386492715946603 0.0 0.0 0.0
0.0125 -0.04836765075176044 0.1267861626505915 0.05816973677386742 0.0 0.0 0.0
0.0125 0.4750242328179133 -0.2033311530402476 0.26060054825587214 0.0 0.0 0.0
0.0125 -0.31130076145649516 -0.18995264843507462 0.23760568422524037 0.0 0.0 0.0
0.0125 -0.13084488154414498 0.7917124924095535 0.38363545670683513 0.0 0.0 0.0
0.0125 -0.009784894650539774 -0.9116824179679066 -0.04123197298963634 0.0 0.0 0.0
0.0125 -0.17755669209524885 0.2721488645835356 -0.6110897007861089 0.0 0.0 0.0
0.0125 0.30939982119500803 0.07892874849312267 0.7075927812480677 0.0 0.0 0.0
0.0125 0.028810110690339435 -0.3716595043091528 -0.4308697822684915 0.0 0.0 0.0
0.0125 -0.06255412046784711 -0.6464001069620834 -0.7601069355340231 0.0 0.0 0.0
0.0125 -0.2781842038902394 0.23940632043012336 -0.39824805171648503 0.0 0.0 0.0
0.0125 -0.32962160190630974 0.7018964245772186 0.24511070475895655 0.0 0.0 0.0
0.0125 0.6542520729095365 -0.5601701344243762 0.2890128412170143 0.0 0.0 0.0
0.0125 0.5607941028642482 -0.3629817629438864 -0.7397150203445795 0.0 0.0 0.0
0.0125 -0.15124213555468533 0.7745817566969407 -0.3415117247117982 0.0 0.0 0.0
0.0125 0.040954600653854485 0.03659101039171227 -0.7788744719137897 0.0 0.0 0.0
0.0125 -0.7787296501274972 -0.4387708938062399 0.13202624203085553 0.0 0.0 0.0
0.0125 0.356520042409552 0.6697869812233637 -0.3101239902748845 0.0 0.0 0.0
0.0125 0.46180163421341397 0.6344983840927891 0.2753720108015045 0.0 0.0 0.0
0.0125 -0.5330600608554763 -0.21938323553116604 0.362045835612573 0.0 0.0 0.0
0.0125 0.8160669615787028 0.18076140699317877 0.00832750621263473 0.0 0.0 0.0
0.0125 0.8272896188936507 0.0797547186965007 -0.27406255833544163 0.0 0.0 0.0
0.0125 0.5454188934524361 -0.19591181251501755 -0.5911146746554454 0.0 0.0 0.0
0.0125 -0.5559780328607332 0.25591339941589597 -0.2503625449802154 0.0 0.0 0.0
0.0125 0.02392705920623769 0.8322574154773447 -0.390622309704178 0.0 0.0 0.0
0.0125 0.6803272056424917 0.6879941780423002 -0.05912541112172698 0.0 0.0 0.0
0.0125 -0.6712427283185007 -0.2936435324891274 -0.05017485971450039 0.0 0.0 0.0
0.0125 -0.32597125609825656 -0.16791809225591137 0.6974456888863881 0.0 0.0 0.0
0.0125 -0.6214881267292285 0.1529141050800667 -0.7157056134681024 0.0 0.0 0.0
0.0125 0.25508905421965666 0.21908479616815785 0.6639792543995394 0.0 0.0 0.0
0.0125 -0.8651165978635368 0.006352653000502835 -0.28784271034109415 0.0 0.0 0.0
0.0125 0.05429883087525845 -0.8398809195750458 0.14289983935582515 0.0 0.0 0.0
0.0125 -0.15145100801423883 0.17694782342949805 0.6632936529373097 0.0 0.0 0.0
0.0125 0.5068504343646387 0.12692062483434063 -0.01659283221956996 0.0 0.0 0.0
0.0125 0.5086319856580318 -0.15870248732650563 0.5760217304398997 0.0 0.0 0.0
0.0125 -0.26822843561315746 0.06959112073776197 0.3978444580416968 0.0 0.0 0.0
0.0125 0.6788406430038932 -0.1649586635611031 0.4527317921620802 0.0 0.0 0.0
0.0125 -0.10457490113256782 0.1960377083652927 0.8304836985018363 0.0 0.0 0.0
0.0125 -0.45665294700250386 0.19248740128525002 -0.08894327030900573 0.0 0.0 0.0
0.0125 -0.3063414212244557 0.866428492870701 0.26011404494220597 0.0 0.0 0.0
0.0125 0.31368435287111424 -0.18671291944600432 0.1260901481887972 0.0 0.0 0.0
0.0125 0.7402950781892443 -0.5142517860624771 0.4213984714142512 0.0 0.0 0.0
0.0125 0.6163826233496322 -0.36420104446316326 0.35898399232187594 0.0 0.0 0.0
0.0125 -0.852021444994659 -0.3347344811388132 -0.36170641510950224 0.0 0.0 0.0
0.0125 0.5939051864090754 0.06621759355060525 -0.3963857327267116 0.0 0.0 0.0
0.0125 0.4991244897446967 -0.5789681028000233 0.45490684965368666 0.0 0.0 0.0
0.0125 0.07705980112368614 -0.48892419986627667 -0.7401286486821922 0.0 0.0 0.0
0.0125 0.41077069769081737 0.31846172097719155 0.25559264238659385 0.0 0.0 0.0
0.0125 -0.6732002776649838 0.35243526227502847 -0.17907264390963676 0.0 0.0 0.0
0.0125 -0.13383671157235486 0.012117234546877149 0.04160255334253185 0.0 0.0 0.0
0.0125 0.30092213051570854 -0.47375512344502263 0.3801655190156159 0.0 0.0 0.0
0.0125 0.23725430959478078 0.48676945081646994 0.704839773796099 0.0 0.0 0.0
0.0125 0.553853489535657 0.09092874190408916 -0.0944184459368352 0.0 0.0 0.0
0.0125 0.1437861777249033 0.886922922523651 -0.16912978134824344 0.0 0.0 0.0
0.0125 -0.9124504184724851 -0.2688553857543069 0.16891758201091744 0.0 0.0 0.0
0.0125 0.35126682343728083 0.6079028162275476 -0.124209505300432 0.0 0.0 0.0
0.0125 0.07155053378522916 -0.40669847492647754 0.5167484882832487 0.0 0.0 0.0
0.0125 0.39210704793009965 0.1395255070212007 -0.18224340164003539 0.0 0.0 0.0
0.0125 0.02882581836984798 0.7377659755934061 0.5583404189636486 0.0 0.0 0.0
0.0125 0.8749660539702354 0.0009358579895837898 0.024008276101856522 0.0 0.0 0.0
0.0125 -0.005284426463723029 -0.7545272264899197 0.25012711118604664 0.0 0.0 0.0
0.0125 -0.21408394581585946 -0.7403404700223484 -0.1522770857707577 0.0 0.0 0.0
0.0125 -0.5197285587623222 -0.6715654075594641 0.03999334584548824 0.0 0.0 0.0
0.0125 -0.24620222870069594 -0.1399906298304354 -0.6964146483980518 0.0 0.0 0.0
0.0125 0.3383790090000761 0.8421320494335853 -0.3131134321906046 0.0 0.0 0.0
0.0125 -0.557361426579913 0.269367373844262 -0.2902000129182805 0.0 0.0 0.0
0.0125 -0.42334575855475937 -0.5804571190172209 -0.6757258884203574 0.0 0.0 0.0
0.0125 -0.22968688122222333 0.07073233948015854 0.4272823317181745 0.0 0.0 0.0
0.0125 -0.20436319173761372 -0.9688328738330781 0.08459708505817773 0.0 0.0 0.0
0.0125 0.42182592437692423 0.4066814145499686 0.1953083045218922 0.0 0.0 0.0
0.0125 0.23679810946926658 0.28689511022711317 0.6511434433798303 0.0 0.0 0.0
0.0125 0.34907810433439806 -0.5061135064243585 0.3208634812829295 0.0 0.0 0.0
0.0125 0.42411059610286084 -0.5760202343389534 -0.4198643618145474 0.0 0.0 0.0
0.0125 0.14766925529542818 0.37068851946895065 0.10975185674421696 0.0 0.0 0.0
0.0125 0.9042444870376373 0.30137172876617624 0.23952361580762296 0.0 0.0 0.0
0.0125 0.5549162818209495 0.04172273978297122 -0.396470100911031 0.0 0.0 0.0
0.0125 0.6897728733790669 -0.5605295621441319 0.04305454148646999 0.0 0.0 0.0
0.0125 0.3750257124153592 -0.280571474152428 -0.5127456592852977 0.0 0.0 0.0
0.0125 0.4914051273890497 0.14480698311053505 0.3685006435601986 0.0 0.0 0.0
0.0125 -0.8248022121467236 0.29548900699860103 0.42914534431712703 0.0 0.0 0.0
0.0125 -0.5039540791029871 -0.266385902145749 0.722362055820289 0.0 0.0 0.0
0.0125 -0.43439569054989663 -0.0780730886820116 -0.671908057724078 0.0 0.0 0.0
0.0125 0.5664892688042877 -0.5088438099858936 0.2733402560466151 0.0 0.0 0.0
0.0125 -0.7084518098940372 -0.18320381068952732 -0.23387849726713658 0.0 0.0 0.0
0.0125 -0.231744308208356 -0.9556429870237348 0.08542162202920545 0.0 0.0 0.0
0.0125 0.38583608784078055 0.41889884783952624 0.5379420633815851 0.0 0.0 0.0
0.0125 -0.6047485143191463 -0.12665648178551808 -0.1778268487655252 0.0 0.0 0.0
0.0125 -0.34509013378419484 0.3884778901888072 0.4072129292812335 0.0 0.0 0.0
0.0125 0.6797789930893363 -0.043654315539483304 0.423343597855408 0.0 0.0 0.0
0.0125 -0.07558917874290227 -0.8648595485171916 0.30976282640920405 0.0 0.0 0.0
0.0125 -0.5905960643019614 0.14192269256037926 0.039099130530034894 0.0 0.0 0.0
0.0125 0.669860072415581 -0.2599658397537125 0.6554289097675234 0.0 0.0 0.0
0.0125 0.5458772898658211 -0.311977374531401 -0.6964312391320538 0.0 0.0 0.0
0.0125 -0.46555800196752317 0.2702094514227572 0.5864678147240144 0.0 0.0 0.0
0.0125 -0.19701799152797683 0.11924733481710983 0.5986171617409058 0.0 0.0 0.0
0.0125 0.8048122279846575 0.20127253491825262 -0.3551362620818356 0.0 0.0 0.0
0.0125 0.11766400976528028 -0.06863845906215511 0.5544488100526083 0.0 0.0 0.0
0.0125 -0.5267147789095514 -0.03094390862429804 -0.7082588634990619 0.0 0.0 0.0
0.0125 -0.26965662160528153 -0.2706925143093413 0.8324136780419102 0.0 0.0 0.0
0.0125 0.14227653088927908 0.35511118273099707 -0.8614530487360448 0.0 0.0 0.0
0.0125 -0.17906624809270183 0.31227420966723984 -0.8680126817804953 0.0 0.0 0.0
0.0125 0.06892429293794475 0.21127735413059934 0.7654964977464255 0.0 0.0 0.0
0.0125 0.49831640921109904 -0.5063164684104379 -0.5215841259221625 0.0 0.0 0.0
0.0125 0.3908156035541182 0.22274034995862035 -0.055256612220108345 0.0 0.0 0.0
0.0125 0.05898917199699894 -0.2749640821366731 0.20227277946058683 0.0 0.0 0.0
0.0125 -0.7528222519079135 -0.0493285609942593 0.6532686465552081 0.0 0.0 0.0
0.0125 0.32596080682237605 -0.40793113501502465 -0.3155311344999429 0.0 0.0 0.0
0.0125 0.422373313223042 -0.4423386978127796 -0.3396072151853836 0.0 0.0 0.0
0.0125 -0.08458448380591847 0.6030039894971068 0.23702675828128866 0.0 0.0 0.0
0.0125 0.5471088089185503 -0.275161679980845 -0.5189364644277582 0.0 0.0 0.0
0.0125 0.060311857169989186 0.1290295475354954 0.9671673427460294 0.0 0.0 0.0
0.0125 0.03954028516585094 0.5906305443627192 -0.585413998054083 0.0 0.0 0.0
0.0125 -0.620346050542392 0.3859989030325523 -0.23930887482078117 0.0 0.0 0.0
0.0125 0.002245585631854018 -0.8302844198896274 0.2966282730084991 0.0 0.0 0.0
0.0125 0.20280801871739473 -0.8273263307892421 0.23319536752592251 0.0 0.0 0.0
0.0125 0.4202354505407642 0.5415630096691986 0.34066282951157 0.0 0.0 0.0
0.0125 0.25498318616046134 0.20923432418472862 0.2357306599179599 0.0 0.0 0.0
0.0125 0.4284103713079354 -0.11265994529007164 -0.06049062749616565 0.0 0.0 0.0
0.0125 -0.612728473707831 0.1299693775280863 0.2445260722440803 0.0 0.0 0.0
0.0125 0.11860405818335677 0.7014964893005607 0.33656965238796727 0.0 0.0 0.0
0.0125 -0.6499744433832542 0.49053323481550704 0.06324382027507279 0.0 0.0 0.0
0.0125 0.4349928609652886 -0.3013423218226352 -0.14898589423360373 0.0 0.0 0.0
0.0125 -0.4736600317027504 0.508464734016467 -0.11212828423046138 0.0 0.0 0.0
0.0125 0.22116142157004146 -0.49892216520352006 0.34779314838036757 0.0 0.0 0.0
0.0125 -0.37095409415659253 0.7933561072704279 -0.18681789159336118 0.0 0.0 0.0
0.0125 -0.745700075744691 0.31583944815989395 0.37144947294402025 0.0 0.0 0.0
0.0125 0.3514146761883513 -0.039025717866769366 -0.8416664024253115 0.0 0.0 0.0
0.0125 0.5440723290237925 0.3793971670641078 -0.6947050640889342 0.0 0.0 0.0
0.0125 0.5063684934666601 -0.20417897245707112 -0.42488697942692355 0.0 0.0 0.0
0.0125 -0.21954647008997139 -0.17116075863246083 0.5611516871522831 0.0 0.0 0.0
0.0125 -0.23631687964406203 0.9306529447980881 -0.20327589112225247 0.0 0.0 0.0
0.0125 0.10863395377243715 -0.31672439784764556 -0.22725601369385695 0.0 0.0 0.0
0.0125 -0.008354368286701386 -0.22147959698741201 -0.7147536664235324 0.0 0.0 0.0
0.0125 -0.0813819444949721 0.06251077307367249 0.25608105260656217 0.0 0.0 0.0
0.0125 0.21130573027767757 0.48044616959010894 -0.8264564881180508 0.0 0.0 0.0
0.0125 0.32435209672309 -0.08185322461896691 0.4219327473506268 0.0 0.0 0.0
0.0125 0.24353918657140297 0.0875285588354324 -0.2802688050840872 0.0 0.0 0.0
0.0125 -0.2147216477130842 -0.619607131480371 -0.24588731197513714 0.0 0.0 0.0
0.0125 -0.09508651084416612 -0.49262076669756477 -0.20459855521571912 0.0 0.0 0.0
0.0125 -0.4068642378304918 0.05325225586201687 0.7222289855602307 0.0 0.0 0.0
0.0125 0.6992620998812796 0.29931309698320935 0.5767189150934775 0.0 0.0 0.0
0.0125 -0.2539950315310484 -0.30637864131864234 -0.14542169078957334 0.0 0.0 0.0
0.0125 -0.29844415920157563 0.5866421455402587 0.1868353184849879 0.0 0.0 0.0
0.0125 -0.15172905933775896 -0.7542128997274465 0.2119200990617105 0.0 0.0 0.0
0.0125 -0.5513287378293575 -0.11837207937199305 0.49314621717202384 0.0 0.0 0.0
0.0125 0.3601383597142592 -0.2571691571327299 -0.3068869356120115 0.0 0.0 0.0
0.0125 -0.1126600412228835 0.7376990512681824 -0.6005929765778303 0.0 0.0 0.0
0.0125 0.12287710781101202 -0.38469380217188864 -0.11378974373466952 0.0 0.0 0.0
0.0125 0.3199556272629403 -0.1852881399023842 0.3487351271490725 0.0 0.0 0.0
0.0125 0.4043582991347842 -0.20068787746559108 -0.07234255126698494 0.0 0.0 0.0
0.0125 -0.5448027695744456 0.3083203307201767 -0.4014827195247786 0.0 0.0 0.0
0.0125 0.2558930074887845 0.2510900454083245 -0.2024842562335084 0.0 0.0 0.0
0.0125 0.04561874434632973 0.268535537091829 -0.15208116420731663 0.0 0.0 0.0
0.0125 -0.797940701698895 0.03700651179497517 0.4578937479859602 0.0 0.0 0.0
0.0125 -0.3478786224264987 0.20369722926777234 -0.07867730261456944 0.0 0.0 0.0
0.0125 0.290568258026375 0.7988944620542318 0.23878883686627203 0.0 0.0 0.0
0.0125 0.056712730432488735 -0.5932461640531234 0.44501969046980666 0.0 0.0 0.0
0.0125 0.10717889899606634 0.16997053445323232 -0.3483843431398723 0.0 0.0 0.0
0.0125 -0.04479714959186717 0.4128045107333535 -0.14726953196902956 0.0 0.0 0.0
0.0125 0.03020459289305995 -0.5206316395614884 -0.10096593806492314 0.0 0.0 0.0
0.0125 0.5954036603848153 -0.39968466294229194 -0.5515243540460045 0.0 0.0 0.0
0.0125 -0.38227078897181427 -0.7149956347133071 -0.5579150290658377 0.0 0.0 0.0
0.0125 0.8335898240914269 -0.12106255817662662 -0.3927983413894233 0.0 0.0 0.0
0.0125 -0.26177892765633176 0.45866633237697196 -0.8210371303107443 0.0 0.0 0.0
0.0125 0.14553195435696287 -0.06543781936178769 -0.251815518275087 0.0 0.0 0.0
0.0125 0.2537834058917899 -0.05365816257420555 0.4129045828413032 0.0 0.0 0.0
0.0125 0.9792503138770793 0.02652952776371818 0.17594820415145013 0.0 0.0 0.0
0.0125 0.2137888214229853 -0.4311309602775257 0.7383884548925654 0.0 0.0 0.0
0.0125 -0.4580605399719949 0.6630190134035406 0.22512009877935138 0.0 0.0 0.0
0.0125 0.19827833010934867 0.7491335040054969 -0.15261545609769148 0.0 0.0 0.0
0.0125 -0.015305873556015872 -0.5853088404242879 -0.28919469476242743 0.0 0.0 0.0
0.0125 0.235906105023586 0.24034677774271287 -0.8168485454751904 0.0 0.0 0.0
0.0125 0.13464555035080664 -0.3376807712487182 -0.2207864558164888 0.0 0.0 0.0
0.0125 -0.5173626751584725 0.41264376378886625 -0.014573470567824312 0.0 0.0 0.0
0.0125 0.6224960587753211 0.6063188792697649 0.2461931327255216 0.0 0.0 0.0
0.0125 0.04798992412524371 0.5634862232049408 0.39699168969832704 0.0 0.0 0.0
0.0125 -0.26260401661068916 0.012766095648984774 0.7721942796660162 0.0 0.0 0.0
0.0125 0.32992715489262076 0.511160933963853 -0.5684644581208854 0.0 0.0 0.0
0.0125 -0.3012164167308616 -0.8950618013561275 -0.16445738715343894 0.0 0.0 0.0
0.0125 0.13615200353379261 0.629839844905468 -0.2434867479937877 0.0 0.0 0.0
0.0125 -0.3581920369240214 0.2825492913343265 0.44229784148624535 0.0 0.0 0.0
0.0125 -0.7676243600480804 0.3495701775117827 -0.13677143485329724 0.0 0.0 0.0
0.0125 -0.07858221945588571 0.7379745391507277 -0.642025866335782 0.0 0.0 0.0
0.0125 0.4180567577053237 -0.6702074496923323 0.3221172612634045 0.0 0.0 0.0
0.0125 -0.10159396046638813 -0.2968875880766691 0.5863657727624839 0.0 0.0 0.0
0.0125 -0.6625649319172412 0.24057869576383598 -0.33242590423441715 0.0 0.0 0.0
0.0125 0.17441016705497048 0.7697409484564128 -0.11529388027558735 0.0 0.0 0.0
0.0125 0.33982814732940575 -0.33188171251344395 0.27491275846060664 0.0 0.0 0.0
0.0125 -0.5108733578709712 -0.31520753228327986 -0.417700379383866 0.0 0.0 0.0
0.0125 -0.30657606109372626 -0.5644107317067659 -0.3830073238939092 0.0 0.0 0.0
0.0125 0.05667711356033734 0.7022658279908947 0.21029318289287152 0.0 0.0 0.0
0.0125 -0.8264367281373968 0.26668871193744353 0.24811664974868228 0.0 0.0 0.0
0.0125 0.6360277339759776 -0.28023899607156777 -0.4080220004524381 0.0 0.0 0.0
0.0125 0.5491319050591889 0.22594184486036648 0.5074668487849996 0.0 0.0 0.0
0.0125 -0.176058669518582 0.16824341417974137 -0.5574411382007116 0.0 0.0 0.0
0.0125 -0.12127944205195237 -0.4066132178203842 0.15026108836464214 0.0 0.0 0.0
0.0125 -0.43674044653777966 0.4988603579188867 0.6018126401364169 0.0 0.0 0.0
0.0125 0.6160746570786315 0.7786143693915668 0.01274818941407182 0.0 0.0 0.0
0.0125 0.3873360192042339 -0.35072591720668417 0.7547182620917678 0.0 0.0 0.0
0.0125 0.5800039112353252 0.4712107079222038 -0.0500175747305823 0.0 0.0 0.0
0.0125 -0.05041480839902906 0.13710920822718967 0.1935639864454317 0.0 0.0 0.0
0.0125 0.48688246628475584 -0.348510403380571 -0.37460960508641616 0.0 0.0 0.0
0.0125 0.3044197825426762 0.0704587633860035 0.7410480361174137 0.0 0.0 0.0
0.0125 -0.6592441697264163 -0.1385254057667818 0.4382860579259699 0.0 0.0 0.0
0.0125 0.2133998323293889 -0.8729340724564032 -0.15591917856950385 0.0 0.0 0.0
0.0125 0.7068148882511256 0.361728399259898 -0.5807629745231342 0.0 0.0 0.0
0.0125 0.24456791362212527 0.3107733810115435 -0.28195460793850563 0.0 0.0 0.0
0.0125 0.35172369453180424 0.07023800559583876 0.33217233365855375 0.0 0.0 0.0
0.0125 -0.11110810931503605 -0.42172450119999755 0.2494640664022671 0.0 0.0 0.0
0.0125 0.09403302171502308 -0.6586630958003601 -0.5920948398313346 0.0 0.0 0.0
0.0125 0.30637098065058677 0.15223209183707243 -0.7674999907066832 0.0 0.0 0.0
0.0125 0.06226106500035605 -0.5896304649416165 -0.4372781603581391 0.0 0.0 0.0
0.0125 -0.3279761164538065 0.02286448903996672 0.5327206907200372 0.0 0.0 0.0
0.0125 -0.16350949103680956 0.7148671252779389 -0.16168273887877796 0.0 0.0 0.0
0.0125 -0.09289022772134553 -0.4723326594225823 -0.2691760502249073 0.0 0.0 0.0
0.0125 0.3404824672475023 -0.2125376823966023 -0.1545549861369973 0.0 0.0 0.0
0.0125 -0.5417838436683292 0.5562506533297875 -0.586812762947577 0.0 0.0 0.0
0.0125 0.9847059325325117 0.101098914923523 0.08894360676539752 0.0 0.0 0.0
0.0125 0.35103425584454107 0.5333497612930256 -0.24832911631982837 0.0 0.0 0.0
0.0125 -0.6741992408226917 -0.13978622208788782 0.2741416063724972 0.0 0.0 0.0
0.0125 -0.3213295358730736 0.5689888728073532 -0.3486909109216637 0.0 0.0 0.0
0.0125 -0.3706268136530708 -0.17585623461905756 0.8232798279814174 0.0 0.0 0.0
0.0125 0.3504118811808787 0.5399427061103443 -0.11632171883911709 0.0 0.0 0.0
0.0125 -0.05924149465480929 -0.6468845141648327 -0.31793033696951944 0.0 0.0 0.0
0.0125 0.8617822338679662 0.41149098651245314 -0.06607516958881343 0.0 0.0 0.0
0.0125 0.5742817601640744 -0.29853699103606235 0.5107726708658992 0.0 0.0 0.0
0.0125 0.17859117631930774 0.2055867051390357 0.7938223659863325 0.0 0.0 0.0
0.0125 -0.5113129122070506 0.365267153334184 0.6321851216657058 0.0 0.0 0.0
0.0125 -0.7943032970146638 0.5340811886194525 -0.255539218872937 0.0 0.0 0.0
0.0125 0.5002128920238099 0.7907030235973667 -0.11172386365471496 0.0 0.0 0.0
0.0125 -0.3110514931415157 0.22998320044477388 -0.4202032613069044 0.0 0.0 0.0
0.0125 0.20779374099864067 -0.07740001263454412 0.944315149379982 0.0 0.0 0.0
0.0125 0.0382126765305519 -0.18977866642330796 0.4260336431293322 0.0 0.0 0.0
0.0125 -0.018097583499472616 0.6370024063823096 -0.43809053065970877 0.0 0.0 0.0
0.0125 0.25237412566233874 -0.10843978961092465 0.7172763896127825 0.0 0.0 0.0
0.0125 -0.7836421004286817 -0.4562051013919389 -0.29526776839789165 0.0 0.0 0.0
0.0125 -0.09082737317963653 0.42392520585117344 0.35691684214592906 0.0 0.0 0.0
0.0125 -0.013939780210834434 0.7739130142939157 0.42838280525288297 0.0 0.0 0.0
0.0125 0.9445167759529987 -0.28511719508596267 0.1562450801341384 0.0 0.0 0.0
0.0125 0.24224192124802593 -0.05488784336012147 -0.46189524694180095 0.0 0.0 0.0
0.0125 0.7075869512833804 -0.3622313161562082 0.2194174816580095 0.0 0.0 0.0
0.0125 0.01666187651164979 -0.7020971611239525 0.3500312813014616 0.0 0.0 0.0
0.0125 -0.07945357353842186 -0.5473487349415214 0.1583797580769986 0.0 0.0 0.0
0.0125 -0.3209358331362498 0.39033330533125554 -0.7427578849093813 0.0 0.0 0.0
0.0125 0.41165138164301585 0.5842393680424898 -0.40401091110986526 0.0 0.0 0.0
0.0125 -0.5051952714597554 -0.024467069532388544 0.6439722604388596 0.0 0.0 0.0
0.0125 0.21567264070804862 -0.1303401813318008 -0.3011028262806896 0.0 0.0 0.0
0.0125 -0.11332005821105366 -0.3889892477084364 0.5934956760802659 0.0 0.0 0.0
0.0125 -0.47156176160359364 0.6805508459289227 0.16685340315214103 0.0 0.0 0.0
0.0125 0.7043580101113024 0.06882639147319056 -0.1762640547344449 0.0 0.0 0.0
0.0125 -0.09625158635422926 0.7241880612737637 -0.15254921194539417 0.0 0.0 0.0
0.0125 0.05567670756800866 -0.4363568668397548 0.8185746326993989 0.0 0.0 0.0
0.0125 -0.20950149600011098 -0.48842064499340176 -0.10556745651954483 0.0 0.0 0.0
0.0125 0.2530828841432221 0.09760950156079334 0.4014904747883158 0.0 0.0 0.0
0.0125 0.2898343305153459 -0.44279135331999997 0.8308480382337585 0.0 0.0 0.0
0.0125 -0.26832415446849917 0.5183230087573845 0.08058824879977246 0.0 0.0 0.0
0.0125 0.5819878065817875 -0.09094246442026307 -0.1544795459081874 0.0 0.0 0.0
0.0125 0.32295669200051613 0.4715282298453575 -0.4184651469730653 0.0 0.0 0.0
0.0125 0.190514508198181 -0.15314961520205328 0.5513870985032767 0.0 0.0 0.0
0.0125 -0.8052027759662107 0.004131066455051755 0.03824336906682455 0.0 0.0 0.0
0.0125 -0.5736898737470482 -0.16431455334700942 -0.5315237377387455 0.0 0.0 0.0
0.0125 -0.03778212926881454 -0.6842596373390039 -0.15370240145511885 0.0 0.0 0.0
0.0125 0.4833804974965374 -0.5777080793720746 -0.05614176895673578 0.0 0.0 0.0
0.0125 -0.1966339535924155 -0.6435983558794226 0.30596590130201484 0.0 0.0 0.0
0.0125 0.5878741944494471 -0.24218742781924185 -0.48204373311728443 0.0 0.0 0.0
0.0125 -0.6421334288948345 -0.7167298253592722 -0.1559215866358327 0.0 0.0 0.0
0.0125 0.7297783608190765 -0.2318893802364113 -0.5491054409260154 0.0 0.0 0.0
0.0125 0.31666259302703204 0.6372633791728134 -0.04297868059805859 0.0 0.0 0.0
0.0125 0.6971872050259239 -0.32401169906795024 -0.018793908145969904 0.0 0.0 0.0
0.0125 0.18097307374675906 0.21573490745086804 -0.40980621882568435 0.0 0.0 0.0
0.0125 -0.8737445541638722 0.1515190624746953 -0.131363875354906 0.0 0.0 0.0
0.0125 0.4439110755654205 -0.6803026872254089 -0.46282500059686127 0.0 0.0 0.0
0.0125 0.32099982604380406 -0.1858648788403551 0.841577989068137 0.0 0.0 0.0
0.0125 -0.7523037326025249 -0.11070351032690845 0.2705140847320155 0.0 0.0 0.0
0.0125 0.05788949722633733 -0.6728658109967413 0.5031656674788075 0.0 0.0 0.0
0.0125 -0.36794291220305075 -0.356921299192883 0.2316470948287055 0.0 0.0 0.0
0.0125 0.6209096747976586 0.1868480006814962 -0.035758874810552045 0.0 0.0 0.0
0.0125 -0.09204294860158477 0.0961140353808219 -0.8300835621012373 0.0 0.0 0.0
0.0125 0.6488954532765387 0.3850596148229908 -0.18506389632138184 0.0 0.0 0.0
0.0125 -0.848244525403233 -0.4801395661858375 -0.12082404455664604 0.0 0.0 0.0
0.0125 0.030082768580125083 -0.47385184432131 -0.5366596296837751 0.0 0.0 0.0
0.0125 0.20059112850880786 0.055809027437221465 -0.4248800403062728 0.0 0.0 0.0
0.0125 0.6969733013152293 0.2598426012315602 -0.41538119172901294 0.0 0.0 0.0
0.0125 0.45989041833728217 -0.19216099190120825 0.5783007732965831 0.0 0.0 0.0
0.0125 0.14904877789103926 -0.12601251562057797 0.34780645671166466 0.0 0.0 0.0
0.0125 -0.13528624239457562 0.22273288499137592 0.743162451749516 0.0 0.0 0.0
0.0125 -0.24206703258477996 0.0800553744568276 0.5614887709879216 0.0 0.0 0.0
0.0125 -0.6213122736383291 0.21964131365821754 0.1550942207275205 0.0 0.0 0.0
0.0125 -0.7266943529214863 -0.48753716867412017 -0.40117444714623535 0.0 0.0 0.0
0.0125 -0.3083657402934985 0.6206147642487215 -0.6395769226443437 0.0 0.0 0.0
0.0125 0.5152878943315042 0.3321055206332796 -0.6107138537613932 0.0 0.0 0.0
0.0125 -0.32609105053009996 0.14529048441335626 0.7228155037216647 0.0 0.0 0.0
0.0125 0.5642395444457772 -0.09901944580077877 -0.7118429455432563 0.0 0.0 0.0
0.0125 0.04747348746433551 -0.24205813040240834 0.14893598301487987 0.0 0.0 0.0
0.0125 0.30959581134476455 0.20625678054660354 -0.8246706853820545 0.0 0.0 0.0
0.0125 -0.7934162499160842 0.4573875523769482 0.21929874700832797 0.0 0.0 0.0
0.0125 -0.6947168132693534 -0.6229687908807171 -0.33519977184262534 0.0 0.0 0.0
0.0125 0.6945856727547624 0.033206537354046856 0.24448043440796252 0.0 0.0 0.0
0.0125 0.2725760446067759 -0.5195577910438915 -0.06609365850499256 0.0 0.0 0.0
0.0125 -0.5489146961760685 0.16597493359346654 0.6486784055211011 0.0 0.0 0.0
0.0125 0.22624477964239562 0.5357670829550734 0.7203413807218585 0.0 0.0 0.0
0.0125 0.040948377622265525 -0.9871956802159303 -0.008266883734276984 0.0 0.0 0.0
0.0125 -0.1732134808355293 -0.5576369658421019 -0.09573791516113818 0.0 0.0 0.0
0.0125 0.07460927924287664 -0.25019066100706727 0.8405409138227722 0.0 0.0 0.0
0.0125 -0.19947665001140194 0.1532408580136216 -0.8650280559072615 0.0 0.0 0.0
0.0125 0.11488110372853591 0.29248790399650204 -0.6780985574802894 0.0 0.0 0.0
0.0125 -0.2997763931537197 -0.19903694790823495 -0.45435784858780753 0.0 0.0 0.0
0.0125 0.3281138455343189 0.36004719013100256 0.41548953139274836 0.0 0.0 0.0
0.0125 0.3826343551496122 0.5897369052423282 0.664765906088441 0.0 0.0 0.0
0.0125 0.7278446642530916 0.2648195916558878 -0.5152594518555456 0.0 0.0 0.0
0.0125 0.7840291097428275 -0.011322921602806481 -0.3791929288552979 0.0 0.0 0.0
0.0125 0.20028519342881282 0.7434734802730981 -0.4244535459867446 0.0 0.0 0.0
0.0125 -0.18523702161468222 0.20612822995898197 0.2927301792196437 0.0 0.0 0.0
0.0125 0.6886724880211132 -0.27939678091567977 -0.02796457116862626 0.0 0.0 0.0
0.0125 0.7513677515853909 -0.36915166941429317 0.06750573057022263 0.0 0.0 0.0
0.0125 -0.21258801379521572 0.047626562201531115 0.21938522575746916 0.0 0.0 0.0
0.0125 -0.01433173709710606 -0.5751326341130687 0.09479946665064785 0.0 0.0 0.0
0.0125 0.8218068191476361 0.13263149248642386 -0.30635137969561077 0.0 0.0 0.0
0.0125 -0.6383929553267543 0.07479475645691128 -0.04202882095356148 0.0 0.0 0.0
0.0125 0.4046412643359877 0.37932794515490825 0.7923943991091842 0.0 0.0 0.0
0.0125 0.871026631485764 -0.35586499263591176 -0.11139021441745765 0.0 0.0 0.0
0.0125 0.1288492068264751 -0.1214121917086548 0.03768954311313755 0.0 0.0 0.0
0.0125 -0.07972211070699589 -0.022844747340532344 0.777076461870788 0.0 0.0 0.0
0.0125 -0.044523064534104186 -0.06874344914506114 -0.9559401144952351 0.0 0.0 0.0
0.0125 -0.0676292173595482 0.4421605963459397 0.617296348327669 0.0 0.0 0.0
0.0125 -0.18973224886838735 0.7494923882062076 0.5727780876620527 0.0 0.0 0.0
0.0125 -0.2751143191296273 0.43117985065742703 0.29032929594750145 0.0 0.0 0.0
0.0125 0.25172912151638355 0.05195170545925199 -0.8363354075452307 0.0 0.0 0.0
0.0125 -0.32263625119338474 0.19868841741920204 0.727054347598038 0.0 0.0 0.0
0.0125 -0.5739624753545506 -0.7224166944847241 0.3164528796923026 0.0 0.0 0.0
0.0125 -0.19516228394354979 -0.14586042968879376 0.2684325922653564 0.0 0.0 0.0
0.0125 0.23240266106854474 -0.13432977186424794 -0.3686704513508199 0.0 0.0 0.0
0.0125 -0.19489466747903395 -0.557313216104252 -0.7786276266658837 0.0 0.0 0.0
0.0125 0.46277953076662814 0.20637644894555507 -0.17932792726971095 0.0 0.0 0.0
0.0125 -0.41681641730386 0.8404474160214443 0.2689471216812804 0.0 0.0 0.0
0.0125 -0.16849607159356053 -0.11962365589201969 0.49798154412488954 0.0 0.0 0.0
0.0125 -0.0888484281155677 0.40074577977829295 -0.3065919772698315 0.0 0.0 0.0
0.0125 -0.13872658321621728 0.17671935815072726 0.9278018009188997 0.0 0.0 0.0
0.0125 -0.5709724924696624 -0.6265077789958899 0.30094553713456246 0.0 0.0 0.0
0.0125 -0.21326809058757237 -0.16502351774735963 -0.8683202456767102 0.0 0.0 0.0
0.0125 -0.5554059492825005 -0.5027163103446047 -0.07977459402541737 0.0 0.0 0.0
0.0125 -0.6500924800330647 0.4586361935699478 -0.0021618868026249786 0.0 0.0 0.0
0.0125 0.7122956330716841 -0.5413417920777048 -0.3240916406707037 0.0 0.0 0.0
0.0125 -0.3474981171222275 0.3744922152635928 0.23931306642496308 0.0 0.0 0.0
0.0125 0.4931105095298781 0.24081185030532068 -0.41887586606306043 0.0 0.0 0.0
0.0125 -0.7352350374090411 -0.40001899752328496 -0.38171014130908054 0.0 0.0 0.0
0.0125 0.21247930392501244 -0.025327639444525592 -0.8909594134397449 0.0 0.0 0.0
0.0125 -0.01174656707565962 0.02894480225898042 0.26916612267533496 0.0 0.0 0.0
0.0125 0.21452865570710994 -0.8279990958172018 0.20066994997690574 0.0 0.0 0.0
0.0125 0.6095220216442664 0.21573310607564927 0.4497929893420327 0.0 0.0 0.0
0.0125 -0.44032324064097444 0.44014714293137935 0.528795146189595 0.0 0.0 0.0
0.0125 -0.5083085080459315 0.029841194305207003 0.8152559998882216 0.0 0.0 0.0
0.0125 0.11305047070352893 0.6133665150546062 -0.6204454645257433 0.0 0.0 0.0
0.0125 -0.1993991238914458 -0.22471709732953796 0.6646208176222175 0.0 0.0 0.0
0.0125 -0.010024368268129441 0.7210513557938206 0.14682857971099744 0.0 0.0 0.0
0.0125 -0.04277479003277549 -0.33345905577542323 -0.23315451932545783 0.0 0.0 0.0
0.0125 0.084229742621739 -0.2898135921241974 -0.2719446715701486 0.0 0.0 0.0
0.0125 0.1430891433285674 0.8764109444410463 0.0054597766584264466 0.0 0.0 0.0
0.0125 -0.46575476282442635 0.17311299222707394 -0.2978492406690892 0.0 0.0 0.0
0.0125 0.17799220521154732 -0.21235798589627847 -0.22053705667740464 0.0 0.0 0.0
0.0125 0.447631568091672 0.3078847705727363 0.37080765801523585 0.0 0.0 0.0
0.0125 -0.1083848972520962 -0.5015313747304571 0.7283772105289998 0.0 0.0 0.0
0.0125 0.1296361657477379 0.09214303509573676 0.31251121628066064 0.0 0.0 0.0
0.0125 -0.5344640455424825 0.46931926284162256 -0.10760693711465974 0.0 0.0 0.0
0.0125 0.05288051901552917 -0.3602003509248186 -0.8457909275222386 0.0 0.0 0.0
0.0125 -0.313140696401622 0.3899663909052441 -0.26308751376357054 0.0 0.0 0.0
0.0125 0.9266804444896554 0.19087265118116142 -0.05683003947244204 0.0 0.0 0.0
0.0125 -0.6585235954777187 0.17328032246673797 0.6823921124180128 0.0 0.0 0.0
0.0125 -0.46716001443734406 0.5054425842919741 -0.3965519023579699 0.0 0.0 0.0
0.0125 -0.4008850993983173 0.3421017403890015 -0.3968168905631698 0.0 0.0 0.0
0.0125 -0.5258158497604333 -0.7635786028479495 0.35684510042023787 0.0 0.0 0.0
0.0125 0.3821758694057236 -0.023350771944641458 -0.2454639814399261 0.0 0.0 0.0
0.0125 -0.18495865816963036 -0.21908638724497415 0.8625085093280466 0.0 0.0 0.0
0.0125 0.29909333985512493 -0.008994573827718361 0.09389342552938883 0.0 0.0 0.0
0.0125 -0.320508257052712 0.7761062372798442 0.17586125391669044 0.0 0.0 0.0
0.0125 -0.23997770773458552 -0.46895830577685993 0.04831226349713471 0.0 0.0 0.0
0.0125 -0.34952387299428406 0.2523910863504116 -0.20052578747692493 0.0 0.0 0.0
0.0125 0.27881505853919675 0.40726261131087393 0.6096104109305217 0.0 0.0 0.0
0.0125 0.5106735516731561 -0.6109140055629183 0.08774928611264281 0.0 0.0 0.0
0.0125 -0.0002747440794802704 0.30324397328582325 0.017073541730758167 0.0 0.0 0.0
0.0125 0.7086852006173241 -0.3160256315118668 -0.11748083646802386 0.0 0.0 0.0
0.0125 0.45099600847688337 -0.06084220138891632 0.23803176191754613 0.0 0.0 0.0
0.0125 0.2451666422376903 -0.4543767364486625 -0.520161438163691 0.0 0.0 0.0
0.0125 -0.06453268993221514 0.07697166305846771 0.0764853624096595 0.0 0.0 0.0
0.0125 -0.058349163170539564 0.4974377933137276 0.2746291053049372 0.0 0.0 0.0
0.0125 0.538199114032909 0.34531237960294764 0.25166732846025486 0.0 0.0 0.0
0.0125 -0.3212281987287393 0.3985072217691742 -0.4295165949055252 0.0 0.0 0.0
0.0125 -0.07532563571253297 -0.8091304887706171 -0.1422402610633687 0.0 0.0 0.0
0.0125 0.1385445816325386 0.49398388244733804 -0.11818723246024067 0.0 0.0 0.0
0.0125 -0.5442193294769307 0.0042871979715059525 0.6520491082958871 0.0 0.0 0.0
0.0125 0.49520134502314983 0.39129741065442974 0.2315340536453219 0.0 0.0 0.0
0.0125 0.7641432201666758 -0.33487377467824214 -0.5103188566862178 0.0 0.0 0.0
0.0125 -0.14359441152432945 -0.8553708642478809 -0.3234157040878552 0.0 0.0 0.0
0.0125 -0.15558262982027102 -0.07467113940753432 0.9715768869407174 0.0 0.0 0.0
0.0125 0.6592324844927545 0.4760068788845054 -0.3068573527268597 0.0 0.0 0.0
0.0125 -0.9074926298592747 0.060561638588398255 0.10691843499812183 0.0 0.0 0.0
0.0125 -0.021394574631902755 0.05484289886983468 0.09648825503802734 0.0 0.0 0.0
0.0125 -0.40734669325828415 -0.35416506425828576 0.19918046076632928 0.0 0.0 0.0
0.0125 -0.2506480019162486 -0.29881939087734216 -0.44655999257042533 0.0 0.0 0.0
0.0125 0.780221680399844 0.3446993401707481 -0.30735033642361187 0.0 0.0 0.0
0.0125 0.30813965745659827 -0.5337175301565137 0.10477611603876393 0.0 0.0 0.0
0.0125 0.24896290154096273 0.09730850682642836 -0.38342514421347035 0.0 0.0 0.0
0.0125 -0.2870538931164359 0.5899032956810483 -0.36620653820479165 0.0 0.0 0.0
0.0125 -0.4601740071287374 0.4041379630786726 0.5755362103803653 0.0 0.0 0.0
0.0125 -0.0886837085084313 -0.62128742636611 0.11110751179109724 0.0 0.0 0.0
0.0125 -0.28776744368401275 -0.03429353296120962 0.11477253256254612 0.0 0.0 0.0
0.0125 0.17612444420430212 0.11397065501884568 -0.04616713285153388 0.0 0.0 0.0
0.0125 0.06087779307650094 0.7530663977089246 0.1975834557339771 0.0 0.0 0.0
0.0125 0.5990228681529128 -0.04810314999284794 0.09088998918265971 0.0 0.0 0.0
0.0125 0.5406559193922338 0.1953619043789138 0.5791374439022027 0.0 0.0 0.0
0.0125 0.22083983789442885 -0.18874946081589344 -0.24757468624920645 0.0 0.0 0.0
0.0125 -0.7743787098463598 -0.5621982075836718 -0.06979736352815485 0.0 0.0 0.0
0.0125 0.3903835330830157 0.3856543218451067 -0.1862387909125114 0.0 0.0 0.0
0.0125 0.6407151026049573 0.07320988343523063 0.6415951068068301 0.0 0.0 0.0
0.0125 -0.3247926577378151 -0.7439948802103551 -0.5358327729223845 0.0 0.0 0.0
0.0125 -0.17294023668664357 0.01586811365647111 -0.6963938076984357 0.0 0.0 0.0
0.0125 0.12763512138722086 0.5614304670027066 0.7576501086609624 0.0 0.0 0.0
0.0125 -0.28948733684658295 -0.00831009712863589 0.7498988280125031 0.0 0.0 0.0
0.0125 -0.5457166543659068 0.5071993134234086 -0.37564909413189157 0.0 0.0 0.0
0.0125 -0.2703844950859435 0.30459095046403084 0.38553233382751173 0.0 0.0 0.0
0.0125 0.4461657845742991 0.6041424544706245 0.2509398688864334 0.0 0.0 0.0
0.0125 -0.8357335444306966 -0.08462482290332081 0.23459286320604827 0.0 0.0 0.0
0.0125 0.5092128833147069 0.7266883570292058 -0.29364959273742386 0.0 0.0 0.0
0.0125 -0.8691726388183437 0.03385214077354589 0.055533496429213514 0.0 0.0 0.0
0.0125 0.5988515899943657 -0.6322314261732752 -0.273694276221404 0.0 0.0 0.0
0.0125 0.2764309818833363 -0.00029196110135935394 -0.909369336466257 0.0 0.0 0.0
0.0125 -0.1026097262914022 0.45415513766467436 -0.6541228823586062 0.0 0.0 0.0
0.0125 -0.7079815643920103 -0.30070885787352664 0.11021082647439054 0.0 0.0 0.0
0.0125 -0.2780991237330086 -0.3401842458042966 0.6844341729168804 0.0 0.0 0.0
0.0125 -0.3067884834100187 0.6763964054556264 0.4616801812423905 0.0 0.0 0.0
0.0125 -0.33150968782378376 0.2172344061965044 0.028592535560453373 0.0 0.0 0.0
0.0125 0.22374215605006775 0.1106107263432063 -0.47341705967595177 0.0 0.0 0.0
0.0125 0.8734670975561716 -0.3749912592320035 -0.22474475929857557 0.0 0.0 0.0
0.0125 0.37320120510847044 -0.49900330501877554 0.17958398378364596 0.0 0.0 0.0
0.0125 -0.22253401194728406 -0.2557393025875413 0.2808884864471683 0.0 0.0 0.0
0.0125 -0.02235742284959392 0.1279267848262529 0.1882510955432866 0.0 0.0 0.0
0.0125 0.9408934284765541 0.0697029840320776 -0.20747841933399927 0.0 0.0 0.0
0.0125 -0.07407670989583644 -0.2646076008687647 -0.12075900343761166 0.0 0.0 0.0
0.0125 -0.8275976578381092 0.0038360165408298334 -0.5273306720964275 0.0 0.0 0.0
0.0125 0.1922982112225417 -0.23466378882786276 0.9125674058575793 0.0 0.0 0.0
0.0125 -0.787261570916128 -0.26654300591533214 0.08940722960096938 0.0 0.0 0.0
0.0125 0.5268972772211746 0.6798568822477025 -0.3803858911251611 0.0 0.0 0.0
0.0125 -0.551574109599024 -0.4733959825818826 -0.19775611903321702 0.0 0.0 0.0
0.0125 0.6520041008350483 0.71080519306291 0.11521994485279437 0.0 0.0 0.0
0.0125 0.4612008348386877 0.017421350356918306 0.46510833917137157 0.0 0.0 0.0
0.0125 -0.8467692484998094 0.38551745339107835 -0.22821796296995311 0.0 0.0 0.0
0.0125 0.7560088748624775 0.5943627670522241 0.24526306842228107 0.0 0.0 0.0
0.0125 -0.22503246371651595 -0.4750556616633373 0.7773662220597399 0.0 0.0 0.0
0.0125 0.7569027153482452 0.5414447456551836 0.07515528257036341 0.0 0.0 0.0
0.0125 0.5862107983839173 -0.025159065635790363 0.5504955762563435 0.0 0.0 0.0
0.0125 -0.3333492833158125 0.7576196854226849 -0.18994364278962608 0.0 0.0 0.0
0.0125 0.33721585342055344 0.30602597043473995 0.6274345603284336 0.0 0.0 0.0
0.0125 -0.932847357779626 0.057510055993984566 -0.32473998588370223 0.0 0.0 0.0
0.0125 -0.6722160018608805 0.2031139122538828 0.34887490135738153 0.0 0.0 0.0
0.0125 -0.7392535840254121 0.12180606392407965 -0.3142292550485539 0.0 0.0 0.0
0.0125 0.595285686292417 0.4882474182121045 0.3358510578952483 0.0 0.0 0.0
0.0125 -0.5649128140688091 0.4764501393041302 0.1267320434570621 0.0 0.0 0.0
0.0125 -0.29907571242807635 0.37371463168444474 0.7145022885878346 0.0 0.0 0.0
0.0125 0.7735939269820715 -0.14503509962131625 -0.5226812895979448 0.0 0.0 0.0
0.0125 -0.23889594267620154 -0.41835931198264587 -0.6932216227232577 0.0 0.0 0.0
0.0125 -0.2112137593284319 -0.02813610897582048 -0.8360553429635447 0.0 0.0 0.0
0.0125 -0.5582087737332824 -0.0709977124123115 0.5036554629818685 0.0 0.0 0.0
0.0125 -0.2804310393347759 0.06008837803354523 -0.7807698320444464 0.0 0.0 0.0
0.0125 0.46981621020028236 -0.8587863999163815 0.04377346586244984 0.0 0.0 0.0
0.0125 -0.7227089155226809 0.12469380888090936 0.3537346442694734 0.0 0.0 0.0
0.0125 -0.22627861099756677 -0.07743621868670941 -0.5953529565133042 0.0 0.0 0.0
0.0125 0.39873072718083374 -0.7393697317010501 -0.4057745443534761 0.0 0.0 0.0
0.0125 -0.08837303549143156 -0.3270602992134405 -0.004268392337284936 0.0 0.0 0.0
0.0125 -0.5536149809031022 -0.2219025707052733 0.04545399298294626 0.0 0.0 0.0
0.0125 0.13733620210568295 -0.8025111291011575 0.23371517806010256 0.0 0.0 0.0
0.0125 -0.09580267015893393 -0.5598483748233666 0.2517458351241463 0.0 0.0 0.0
0.0125 -0.03019734477861219 0.35922301276312935 0.6115474408549512 0.0 0.0 0.0
0.0125 -0.008199629631770218 0.3034120297396812 0.7662523826077344 0.0 0.0 0.0
0.0125 0.7690223770822825 -0.19244163297028086 0.13106750786265184 0.0 0.0 0.0
0.0125 -0.08581370482565973 -0.9729375073351194 0.16747641921594258 0.0 0.0 0.0
0.0125 -0.29074483635260967 0.6577652597998506 -0.019782629594376697 0.0 0.0 0.0
0.0125 0.45298077009991805 -0.36662643406008205 0.35711778744963724 0.0 0.0 0.0
0.0125 -0.19733747215671982 -0.1622154196354467 0.8771420081520377 0.0 0.0 0.0
0.0125 0.1455937364934132 -0.025376367753590878 -0.7387137774950897 0.0 0.0 0.0
0.0125 -0.3158468374483658 0.651282202533498 0.011708381495823417 0.0 0.0 0.0
0.0125 0.11743305685944218 -0.01799078152088148 0.9370758475015531 0.0 0.0 0.0
0.0125 0.007463260970565657 -0.4065555078093751 -0.6309058502904797 0.0 0.0 0.0
0.0125 0.4906289804285136 0.3921005932562114 0.7658341971575078 0.0 0.0 0.0
0.0125 0.8258525459807944 0.1970135837059595 0.12941402409304226 0.0 0.0 0.0
0.0125 -0.5702897711783014 -0.26021484771865466 0.16071930861226333 0.0 0.0 0.0
0.0125 -0.4117824078996722 -0.6555879664190286 0.26665347019576446 0.0 0.0 0.0
0.0125 0.350569140184945 -0.5259731767069111 -0.053799736039900854 0.0 0.0 0.0
0.0125 -0.6979165975217501 -0.04665920549390941 -0.16919074949312832 0.0 0.0 0.0
0.0125 0.24565656693926144 -0.2157191644377161 0.023430165525460903 0.0 0.0 0.0
0.0125 -0.7397253774966827 -0.3247032902084519 0.17336778097313338 0.0 0.0 0.0
0.0125 -0.0514395204247766 -0.2652365564613478 0.4415370357924156 0.0 0.0 0.0
0.0125 -0.18485365673757037 -0.30769514884795834 -0.8281809330839776 0.0 0.0 0.0
0.0125 0.019718435598660145 0.6264846993486105 0.6313952522153713 0.0 0.0 0.0
0.0125 -0.1115062170174299 -0.6803978126962462 -0.6256398410308438 0.0 0.0 0.0
0.0125 -0.7481945748333283 -0.31315386746808377 0.143151754427399 0.0 0.0 0.0
0.0125 -0.24130525586732357 -0.22735743049879006 0.03832767587689108 0.0 0.0 0.0
0.0125 0.12471976521706706 -0.06650091499436965 -0.9899109520144502 0.0 0.0 0.0
0.0125 -0.3492022898846467 -0.06408830897660843 -0.6513208277256818 0.0 0.0 0.0
0.0125 0.32842023461286646 -0.6131386481662292 0.532995373307947 0.0 0.0 0.0
0.0125 -0.23547821594105856 -0.12295096950197497 0.3853655306850192 0.0 0.0 0.0
0.0125 0.5811540103409699 0.2214447199839036 0.288276514910846 0.0 0.0 0.0
0.0125 -0.7329335347865228 -0.3199077495171446 -0.053378176020106353 0.0 0.0 0.0
0.0125 -0.23995962554753716 -0.40476395302833196 -0.7753005703248761 0.0 0.0 0.0
0.0125 0.37262342419531763 -0.5571260112054368 -0.41199196660155496 0.0 0.0 0.0
0.0125 0.5168807274014586 -0.2675488499632665 -0.7568436956232649 0.0 0.0 0.0
0.0125 -0.4284118033937543 0.23341740273785694 -0.3485232194107062 0.0 0.0 0.0
0.0125 -0.49078128619021355 -0.25532445171225987 -0.09878072188422894 0.0 0.0 0.0
0.0125 -0.8302830519637492 0.3357754536387508 -0.31109719028892335 0.0 0.0 0.0
0.0125 0.05431029153580366 0.8247918461719331 -0.5126235923929682 0.0 0.0 0.0
0.0125 -0.6410079501858025 0.1146814833213742 0.45834032653747314 0.0 0.0 0.0
0.0125 0.8734516105350714 -0.3764878969503388 0.2680319219752967 0.0 0.0 0.0
0.0125 -0.08342488585186014 -0.3152146997468612 -0.48219740797423133 0.0 0.0 0.0
0.0125 0.45280904021625845 0.15211485341407874 0.7639246324946701 0.0 0.0 0.0
0.0125 -0.7980849673033326 0.4780161926747776 0.015886922206090004 0.0 0.0 0.0
0.0125 -0.8946220311337079 -0.16978011614255475 -0.38064896308609975 0.0 0.0 0.0
0.0125 -0.7060916608352884 0.5034908163306256 -0.025411613709681084 0.0 0.0 0.0
0.0125 -0.06732935133190655 -0.6177270455352559 -0.20132866673320363 0.0 0.0 0.0
0.0125 -0.879063526656677 0.06043640730969874 -0.4258842814786663 0.0 0.0 0.0
0.0125 0.21410932288504889 -0.14203036449682113 0.23878951485459066 0.0 0.0 0.0
0.0125 -0.1914951607665016 0.9066476833578717 -0.35079688807833126 0.0 0.0 0.0
0.0125 -0.17234242214628984 0.13887083227992608 0.26075374033828347 0.0 0.0 0.0
0.0125 -0.39081566968987097 -0.35227855343212733 -0.6544299328805157 0.0 0.0 0.0
0.0125 -0.558400730343114 -0.016929650444030764 0.09560707816432869 0.0 0.0 0.0
0.0125 0.15507846231440647 0.36134891082771725 0.746486377748465 0.0 0.0 0.0
0.0125 -0.07929446122657033 0.16526895558980723 -0.11058889934760269 0.0 0.0 0.0
0.0125 0.19207480948117636 0.1968507807056039 -0.721091225406238 0.0 0.0 0.0
0.0125 0.7552419942082352 0.15007439173766682 0.4365034421744869 0.0 0.0 0.0
0.0125 -0.3257275523659581 0.07402679928839391 -0.19858201379628668 0.0 0.0 0.0
0.0125 -0.8964024638099038 -0.40084935335757516 -0.10505614632317428 0.0 0.0 0.0
0.0125 -0.34198880046560315 0.7438708028452301 -0.5392270871047635 0.0 0.0 0.0
0.0125 -0.13454383292544572 -0.10006741386576516 0.20748770528201366 0.0 0.0 0.0
0.0125 -0.1439402662443075 -0.348579095522369 0.7325354252036278 0.0 0.0 0.0
0.0125 0.5575469783080215 0.16971697490219903 -0.6280568032521423 0.0 0.0 0.0
0.0125 -0.3313384413005323 0.5089979370794173 -0.6061223128913202 0.0 0.0 0.0
0.0125 -0.31021296335735965 0.26121446613588933 0.5230611726154843 0.0 0.0 0.0
0.0125 0.36860555712971943 0.2598753397828544 -0.4798733767653578 0.0 0.0 0.0
0.0125 -0.6320223772579482 0.18873884660602125 -0.37524947783626783 0.0 0.0 0.0
0.0125 -0.6128903481886029 -0.3439318216567865 -0.04243670904530739 0.0 0.0 0.0
0.0125 0.6463653595024046 0.3531760612237173 -0.10084907830752093 0.0 0.0 0.0
0.0125 -0.5913558777005455 0.13189690380741673 -0.7596630117892188 0.0 0.0 0.0
0.0125 -0.7469509803057527 0.45954951347096223 0.09567456061315448 0.0 0.0 0.0
0.0125 0.5516965033292509 -0.4924520035196557 -0.467235854710734 0.0 0.0 0.0
0.0125 -0.4454283209877269 -0.5734759277940865 0.3853855635233246 0.0 0.0 0.0
0.0125 -0.44793626240519346 0.10637512044544174 -0.3314576467447048 0.0 0.0 0.0
0.0125 -0.15506073202118667 0.8588873092421045 -0.4012472541619445 0.0 0.0 0.0
0.0125 -0.2336266158211755 0.7685925822409263 -0.3996837267783111 0.0 0.0 0.0
0.0125 -0.1804241571213742 0.05282364889399542 -0.5071153328851276 0.0 0.0 0.0
0.0125 0.12215927189746414 -0.007671377930920873 0.3792267652331525 0.0 0.0 0.0
0.0125 -0.26449693561073834 0.22211107215618145 0.8281383435403535 0.0 0.0 0.0
0.0125 -0.314213062495341 -0.17558568040666886 -0.4274744269209263 0.0 0.0 0.0
0.0125 -0.5625129632154424 0.011077002266256767 0.04826397541022765 0.0 0.0 0.0
0.0125 0.04245732404764504 0.2819349504127933 0.6595807788349156 0.0 0.0 0.0
0.0125 -0.2393761147494083 -0.6068101789618259 -0.1869873370719206 0.0 0.0 0.0
0.0125 -0.4982601030296715 -0.7644238687057562 0.0990060063903941 0.0 0.0 0.0
0.0125 -0.05556986766899062 0.5061212162008841 0.1870306712298189 0.0 0.0 0.0
0.0125 0.015383721723756684 0.3679651764293347 0.05183599968349002 0.0 0.0 0.0
0.0125 -0.4304171698413767 -0.27111684547646553 -0.06396579820176988 0.0 0.0 0.0
0.0125 -0.11441402832236701 -0.3052907275573368 0.40078941301338555 0.0 0.0 0.0
0.0125 -0.14285784997080314 -0.25619301023344193 -0.344795055481509 0.0 0.0 0.0
0.0125 -0.31090171845098935 -0.7758024530758976 0.050163767535979405 0.0 0.0 0.0
0.0125 -0.006545670172400393 -0.26572779548815717 -0.567099257960668 0.0 0.0 0.0
0.0125 0.13113801951672116 -0.390583513822835 0.044233187745580445 0.0 0.0 0.0
0.0125 -0.010985487077094763 0.7495648526078104 0.5030194567994122 0.0 0.0 0.0
0.0125 0.3287198634133853 0.08216599575578704 0.5449086945432695 0.0 0.0 0.0
0.0125 0.00024052863724493762 -0.22063247848743409 -0.1714538431763152 0.0 0.0 0.0
0.0125 0.4731573338682111 0.5618842367057904 -0.4472361638676201 0.0 0.0 0.0
0.0125 -0.7348176277595257 0.38231690664408946 -0.22778797438387588 0.0 0.0 0.0
0.0125 -0.40758927398878336 0.07685493007998598 -0.7134143852830561 0.0 0.0 0.0
0.0125 0.4645820099092113 0.27287763536664134 -0.42081488035841613 0.0 0.0 0.0
0.0125 0.048992727788073155 0.4049373954309043 0.7493415670402357 0.0 0.0 0.0
0.0125 0.7752857681964013 -0.3825930801389955 -0.3406549728071569 0.0 0.0 0.0
0.0125 -0.0594851229313759 0.14523017502858193 -0.284509112069672 0.0 0.0 0.0
0.0125 0.18577497884743466 0.24025231393612073 0.1662640633524263 0.0 0.0 0.0
0.0125 -0.12353704527676752 0.01321079967080089 -0.045292922222626056 0.0 0.0 0.0
0.0125 -0.43883783602636345 -0.2941938881345585 -0.37824268907556857 0.0 0.0 0.0
0.0125 -0.29152337954686963 -0.7632227789705835 -0.5116652660881282 0.0 0.0 0.0
0.0125 0.5457781675671438 0.37029435895592294 -0.3389262209172214 0.0 0.0 0.0
0.0125 0.8824747901402465 0.22600108867753793 0.2831316654150806 0.0 0.0 0.0
0.0125 0.03285002319528012 0.4086116701689501 -0.6219258986464226 0.0 0.0 0.0
0.0125 0.2814163542877322 -0.6177292860765938 -0.4715882332318643 0.0 0.0 0.0
0.0125 0.6218047513898569 -0.47636312346210075 0.4177730856598031 0.0 0.0 0.0
0.0125 0.25741419968533275 0.27986831837100407 -0.38935400462470826 0.0 0.0 0.0
0.0125 -0.22370396916072832 0.27339380208018327 0.45924662378437336 0.0 0.0 0.0
0.0125 -0.40444392594684314 -0.4585218461710561 0.44483264644407894 0.0 0.0 0.0
0.0125 -0.4968184073435625 -0.29885345868852004 -0.7012809012750857 0.0 0.0 0.0
0.0125 -0.055042726678636626 0.003204622683398254 0.7171854204253636 0.0 0.0 0.0
0.0125 0.538207844829864 0.7235090557045939 -0.2839601969411901 0.0 0.0 0.0
0.0125 -0.4593497904301179 -0.5332523968834632 0.25702618163814145 0.0 0.0 0.0
0.0125 -0.8170797520711918 -0.36050073959801515 0.01192313148237389 0.0 0.0 0.0
0.0125 0.28323363174750343 0.14209202460793127 -0.8028192430599518 0.0 0.0 0.0
0.0125 -0.12706649303227666 0.046008815758398595 0.6647201890638493 0.0 0.0 0.0
0.0125 0.4057378205614773 -0.22337481748396842 -0.2207327512500128 0.0 0.0 0.0
0.0125 -0.0933908824845395 0.8277038279605351 -0.5380041496327178 0.0 0.0 0.0
0.0125 0.7527102464424904 0.2208856349680607 -0.12426850800128389 0.0 0.0 0.0
0.0125 0.4647414240424519 -0.2901703194020413 -0.5924637280757638 0.0 0.0 0.0
0.0125 -0.7875364418411875 0.19265732281193232 0.36131781309420846 0.0 0.0 0.0
0.0125 0.2610710537055891 -0.015085157751122378 -0.40251414606851643 0.0 0.0 0.0
0.0125 0.08360246699461653 -0.40915865250713906 0.06328676962036082 0.0 0.0 0.0
0.0125 -0.44567214434868563 -0.04298478789816482 0.7614732306991259 0.0 0.0 0.0
0.0125 -0.2472890337026236 -0.24405175937245494 -0.72139275486895 0.0 0.0 0.0
0.0125 -0.573186704367636 0.5184057012176954 0.3053433788117386 0.0 0.0 0.0
0.0125 0.12964158918162094 -0.33905474025598276 0.18557395336208082 0.0 0.0 0.0
0.0125 0.4259003595171871 -0.4799889739321722 -0.05392568881688763 0.0 0.0 0.0
0.0125 -0.16184274803571547 0.18372688270547285 0.021058422807628496 0.0 0.0 0.0
0.0125 -0.04035327805347607 0.6716954238433172 0.7261262311054872 0.0 0.0 0.0
0.0125 0.039875686585905165 -0.1415916092361559 0.8381652991945536 0.0 0.0 0.0
0.0125 0.33127733587870933 0.24786362142366314 0.8242629940681542 0.0 0.0 0.0
0.0125 0.38023641564375843 0.0803421560038893 -0.2874268889003689 0.0 0.0 0.0
0.0125 0.14758682005407628 0.7636814757085658 -0.22368604036409875 0.0 0.0 0.0
0.0125 0.4003834318896963 0.2244800682383633 0.08870550915622877 0.0 0.0 0.0
0.0125 -0.12963213015731018 0.30732394741417335 0.07915462279831555 0.0 0.0 0.0
0.0125 0.37256663798479933 -0.060323003216534665 0.5291523212592285 0.0 0.0 0.0
0.0125 0.6480885250837609 -0.3718860577178602 -0.5735217048404924 0.0 0.0 0.0
0.0125 0.07509369911889005 0.6473521093653847 -0.1055920224144589 0.0 0.0 0.0
0.0125 0.5692844532280833 -0.17204907782129047 -0.35080738526874805 0.0 0.0 0.0
0.0125 0.14157972147401438 -0.8136635481536388 -0.5460373730223391 0.0 0.0 0.0
0.0125 0.21275319846928398 0.21643256005825465 -0.9104454136920331 0.0 0.0 0.0
0.0125 -0.45943768144495295 -0.6664504714108236 0.4978979773173152 0.0 0.0 0.0
0.0125 0.7635579726924645 0.21302170343488996 0.21412770776061466 0.0 0.0 0.0
0.0125 -0.8177361069505636 0.04370760989122588 -0.48608268785504194 0.0 0.0 0.0
0.0125 0.4866849965010815 0.4860878587214783 -0.46475158068550376 0.0 0.0 0.0
0.0125 0.3274948402988979 0.07069800304610037 -0.8957796310619099 0.0 0.0 0.0
0.0125 0.25016543392910845 -0.01791854633259028 -0.7130950108749854 0.0 0.0 0.0
0.0125 0.8347028691398927 -0.3079447483802731 0.17838257590875403 0.0 0.0 0.0
0.0125 0.44166618410532577 -0.8037283217967498 -0.36135105773459275 0.0 0.0 0.0
0.0125 0.7778787974221799 0.19153734828275878 -0.5385870769908724 0.0 0.0 0.0
0.0125 -0.07700802596698343 -0.09901767978960374 0.11958198149110438 0.0 0.0 0.0
0.0125 -0.8163225853419327 -0.28465272904058553 -0.06095550781530136 0.0 0.0 0.0
0.0125 -0.47216628769104446 0.03396196918918278 -0.601957903856532 0.0 0.0 0.0
0.0125 -0.006118592670948148 0.7461673913600865 -0.3624965566336893 0.0 0.0 0.0
0.0125 -0.8681738533985139 -0.006212115408509023 -0.028917166374712176 0.0 0.0 0.0
0.0125 -0.3970580132270978 0.26375709578432927 0.8668844282700515 0.0 0.0 0.0
0.0125 -0.44524248771669395 0.4621734617514488 -0.323360698574732 0.0 0.0 0.0
0.0125 -0.09334438364608454 -0.11934570646034605 0.39376728350099266 0.0 0.0 0.0
0.0125 0.5104823831850039 -0.3687135233274082 -0.7116849986151034 0.0 0.0 0.0
0.0125 -0.35784845240404295 0.6201271588261826 -0.16179003520395716 0.0 0.0 0.0
0.0125 -0.3326322627926434 0.6212409725502609 0.4702836771674506 0.0 0.0 0.0
0.0125 -0.2882753042152761 0.29370482422236477 -0.5538447855874312 0.0 0.0 0.0
0.0125 -0.45702773292973553 -0.715731078089782 0.37698912835564125 0.0 0.0 0.0
0.0125 0.3658165049418751 0.712913597256066 -0.32208082859156184 0.0 0.0 0.0
0.0125 0.7162885079710751 0.07177562740188802 0.4133808600044193 0.0 0.0 0.0
0.0125 -0.6732715158929183 0.5335848768569457 0.351101395823238 0.0 0.0 0.0
0.0125 -0.040216827564781836 0.7765844173517265 -0.3595221322473179 0.0 0.0 0.0
0.0125 -0.734591025516428 0.1956416692463104 -0.3625390954140429 0.0 0.0 0.0
0.0125 -0.32019070871068245 -0.36458835296671677 0.20330934213134047 0.0 0.0 0.0
0.0125 -0.5621502980664416 -0.23213145316840642 0.5675430435778871 0.0 0.0 0.0
0.0125 -0.7032658161414184 -0.16800817383183314 -0.24116721975233274 0.0 0.0 0.0
0.0125 -0.3054890523018424 0.21205495750248365 -0.9009852152046623 0.0 0.0 0.0
0.0125 -0.6067580915265305 0.0774114803266932 0.05995461177898526 0.0 0.0 0.0
0.0125 -0.3678539286878461 -0.07706338621265023 0.7485773589822499 0.0 0.0 0.0
0.0125 -0.7271751882837502 -0.3237076799128271 -0.09333670208211191 0.0 0.0 0.0
0.0125 -0.4494821233219008 0.6801456881975213 0.17923433090060736 0.0 0.0 0.0
0.0125 0.5917396303174223 0.6229780082890503 -0.14483162397461127 0.0 0.0 0.0
0.0125 -0.30603851511484426 -0.8006940396257459 -0.42961413197826315 0.0 0.0 0.0
0.0125 0.3604415291002284 0.14556299525847902 -0.3250033403536481 0.0 0.0 0.0
0.0125 -0.2038350581107654 -0.2964710467293209 -0.13279612523771495 0.0 0.0 0.0
0.0125 0.41839085546308474 -0.23326625362887898 -0.6973773265494932 0.0 0.0 0.0
0.0125 0.47522460130969024 0.8067936115392766 0.3014368096298133 0.0 0.0 0.0
0.0125 -0.012983473883010351 0.5214992302809531 0.4462948526206186 0.0 0.0 0.0
0.0125 -0.5358570508045732 0.5168460922622604 0.5200439369790859 0.0 0.0 0.0
0.0125 -0.08299732674082543 -0.8438801763581288 -0.39410841540642194 0.0 0.0 0.0
0.0125 0.22091584861317948 -0.16148609107820927 -0.4249193705151791 0.0 0.0 0.0
0.0125 -0.19469407434095595 -0.19748262446944365 0.4935949294657036 0.0 0.0 0.0
0.0125 -0.15544274240321823 -0.9039976795410316 0.17967411455000223 0.0 0.0 0.0
0.0125 -0.33030094567889534 -0.1137972674245004 0.6621215587265767 0.0 0.0 0.0
0.0125 0.689681646359894 0.6725867535940935 0.17421786055906963 0.0 0.0 0.0
0.0125 0.1434773057444986 0.49134792241148967 -0.6200831279782506 0.0 0.0 0.0
0.0125 0.07703089171216529 -0.09204717378563158 -0.39116911772763896 0.0 0.0 0.0
0.0125 0.7782069032423782 -0.5883272542340643 0.048595508056874175 0.0 0.0 0.0
0.0125 -0.7801983756115419 0.08401121377246364 0.39408126991377757 0.0 0.0 0.0
0.0125 -0.1644751483348941 0.6493149393173043 0.4870478387565615 0.0 0.0 0.0
0.0125 0.6310581760606512 0.23118452820850294 0.4531717948940426 0.0 0.0 0.0
0.0125 -0.782993404880289 -0.36056622967378593 0.31645191737519024 0.0 0.0 0.0
0.0125 0.2843752665962838 -0.793421783377328 0.22950070212054546 0.0 0.0 0.0
0.0125 -0.23245537796728893 -0.02910584608127733 0.8535022747627208 0.0 0.0 0.0
0.0125 -0.014590924456979256 0.5443885058491047 0.5809717548957153 0.0 0.0 0.0
0.0125 -0.3857221072673109 -0.764230819868429 0.4573096296259815 0.0 0.0 0.0
0.0125 0.4915702065158226 0.2014979817870044 0.21693957772864234 0.0 0.0 0.0
0.0125 -0.5677835685016546 -0.6461172867791175 0.006609676931120109 0.0 0.0 0.0
0.0125 0.9261212375193545 0.31440275088595687 0.15273408795397295 0.0 0.0 0.0
0.0125 -0.04039831486156922 0.6456493086051623 -0.6709498915661363 0.0 0.0 0.0
0.0125 -0.3914173353589514 -0.3803096275955182 0.0988497089599539 0.0 0.0 0.0
0.0125 0.008555051342160596 0.05829748233057758 -0.1863513053261007 0.0 0.0 0.0
0.0125 -0.5725054902340998 0.05361342849012467 -0.015845185328948772 0.0 0.0 0.0
0.0125 0.14637989901021328 0.3937073528453633 0.1218836749405941 0.0 0.0 0.0
0.0125 0.27542476922527337 -0.7611952007369669 0.29066681788512105 0.0 0.0 0.0
0.0125 -0.6892487387678912 -0.273057393957849 0.35846049230973476 0.0 0.0 0.0
0.0125 -0.7377013341385277 -0.22977247521372005 0.15060519725001026 0.0 0.0 0.0
0.0125 0.34021256878027384 -0.6337711442312848 -0.24119037753107286 0.0 0.0 0.0
0.0125 -0.28678272788708914 -0.08798529111126248 0.4064637978160536 0.0 0.0 0.0
0.0125 0.0716857014962495 -0.9443243786031844 0.13147571803581706 0.0 0.0 0.0
0.0125 0.6787944205597535 -0.4810467049081511 0.09565014456456762 0.0 0.0 0.0
0.0125 -0.12112746058051949 0.18922658802134198 0.13745780600626203 0.0 0.0 0.0
0.0125 0.16301323142304783 0.6260709530227819 0.664618952118793 0.0 0.0 0.0
0.0125 0.9695131333898087 -0.10650543492240777 0.17413856993547272 0.0 0.0 0.0
0.0125 -0.6041958993614515 -0.25588942304446594 0.1865819947092579 0.0 0.0 0.0
0.0125 -0.5447981195379616 -0.6425324387163575 -0.2950301644583312 0.0 0.0 0.0
0.0125 0.13764630516468046 -0.02694695632746856 0.7552600042220579 0.0 0.0 0.0
0.0125 0.17052077394056253 -0.27082493676458624 -0.2216573016780767 0.0 0.0 0.0
0.0125 -0.7255842498051107 -0.3946281721636923 -0.3720021249562334 0.0 0.0 0.0
0.0125 -0.7567732358055941 -0.4723507279469472 -0.4456351994944081 0.0 0.0 0.0
0.0125 0.32016116246837295 -0.22034491561853847 0.6044907339868792 0.0 0.0 0.0
0.0125 0.48178633042377605 -0.08997220607160132 -0.6489457166902988 0.0 0.0 0.0
0.0125 0.9832176511729486 -0.09155217046830659 0.017632019490338602 0.0 0.0 0.0
0.0125 -0.36275563399645894 0.2352402792690496 0.03171542602118072 0.0 0.0 0.0
0.0125 -0.5244096017791872 0.18655934170354524 -0.5510304878853841 0.0 0.0 0.0
0.0125 -0.4843946606311092 0.35669419812750025 -0.4316149232803939 0.0 0.0 0.0
0.0125 -0.31631944528724815 -0.2705958327210593 -0.6790847071311545 0.0 0.0 0.0
0.0125 -0.13882350323515272 -0.577149318827394 -0.5354964573396026 0.0 0.0 0.0
0.0125 0.08814334036731336 -0.48892551446898613 0.8295413447381463 0.0 0.0 0.0
0.0125 0.5249908844384467 -0.6462040975944428 -0.039792327424000414 0.0 0.0 0.0
0.0125 0.026891484941578406 0.9317938776311708 0.27464442318927645 0.0 0.0 0.0
0.0125 -0.40427550338197865 -0.05523865286438121 -0.12945615797701304 0.0 0.0 0.0
0.0125 -0.29761555890732 -0.5552535752700086 -0.22112290050101663 0.0 0.0 0.0
0.0125 0.46489453215538723 0.3786889410342933 -0.5404913336003518 0.0 0.0 0.0
0.0125 0.14914784725986305 0.10952552313647357 0.5900695990906515 0.0 0.0 0.0
0.0125 -0.10789476197742053 0.0639681426396612 0.3544455557155877 0.0 0.0 0.0
0.0125 0.5865353451238684 -0.599785408249878 -0.2567881516837704 0.0 0.0 0.0
0.0125 0.5821170752815124 0.0007479900775198116 0.4371327180442619 0.0 0.0 0.0
0.0125 -0.6777361736931228 0.6744425911237393 0.28980673426971665 0.0 0.0 0.0
0.0125 0.5829498660259815 -0.5329882498201016 -0.5156480257592262 0.0 0.0 0.0
0.0125 0.6486940723417646 -0.5474824792697567 0.016446718771434728 0.0 0.0 0.0
0.0125 -0.1396469260774325 -0.46201730643514166 0.2255891300287189 0.0 0.0 0.0
0.0125 -0.6047912578017474 -0.690673503488117 -0.392692932228854 0.0 0.0 0.0
0.0125 0.23878269834968513 -0.8300784992450132 -0.12539306689682103 0.0 0.0 0.0
0.0125 -0.8417144111577498 0.2407344804794889 -0.19414172019846646 0.0 0.0 0.0
0.0125 -0.20336942998593 -0.26851059282690204 -0.34243651857730173 0.0 0.0 0.0
0.0125 -0.7583846932368837 0.12008245635159073 0.4968550633135309 0.0 0.0 0.0
0.0125 0.46785501640841193 -0.09038583133380704 0.2151376092060937 0.0 0.0 0.0
0.0125 -0.7818896975513508 -0.40085386080737445 0.47168578217680446 0.0 0.0 0.0
0.0125 -0.03831988630392328 0.4318816523213831 -0.4987215195077233 0.0 0.0 0.0
0.0125 0.5709932466389652 -0.5404819855780045 0.47782573014806684 0.0 0.0 0.0
0.0125 -0.379728046437715 -0.5866565382941172 -0.1525897057148193 0.0 0.0 0.0
0.0125 -0.012471129532531006 -0.8494008586857001 0.33954448673393245 0.0 0.0 0.0
0.0125 -0.6532354436118979 0.5186712044880348 -0.5183827965839419 0.0 0.0 0.0
0.0125 -0.19277007019614145 -0.010022832560985727 -0.074029690922527 0.0 0.0 0.0
0.0125 -0.36980828963375667 -0.5691585776976502 -0.5644576245345134 0.0 0.0 0.0
0.0125 -0.38403809461979227 -0.04735458099929468 0.7649029747320326 0.0 0.0 0.0
0.0125 -0.5454000395851035 0.028663434602091933 0.40136312436059085 0.0 0.0 0.0
0.0125 0.3732527465010172 0.039455523093853855 -0.11517759168382569 0.0 0.0 0.0
0.0125 -0.06647834596613504 0.7171746803298185 -0.06471804514196844 0.0 0.0 0.0
0.0125 0.6025874654734128 0.4532941035978982 0.5384504259081956 0.0 0.0 0.0
0.0125 -0.5328457749784953 -0.5458027729570416 -0.40842036739213416 0.0 0.0 0.0
0.0125 0.08772679616089987 0.848018208090067 -0.04534394690080095 0.0 0.0 0.0
0.0125 0.2433937120407916 -0.3315862458519924 0.3459685490539322 0.0 0.0 0.0
0.0125 -0.2552733177034661 0.4015141876414947 -0.6101063786451143 0.0 0.0 0.0
0.0125 -0.24761927520158059 -0.23273592493393183 -0.8709639616420191 0.0 0.0 0.0
0.0125 0.3530875974532897 -0.036858448376453704 -0.8733517009489646 0.0 0.0 0.0
0.0125 -0.2615453481549549 0.3558056839671298 -0.0019033525039968185 0.0 0.0 0.0
0.0125 -0.21229854560961026 0.15697851582447636 -0.13453920797156438 0.0 0.0 0.0
0.0125 0.6449966525529826 0.09999670655014431 0.1205509883200853 0.0 0.0 0.0
0.0125 0.5846030115220274 0.415973475196404 0.6856336074194787 0.0 0.0 0.0
0.0125 -0.40330075121938014 -0.8240720914633848 0.10869043600365857 0.0 0.0 0.0
0.0125 0.4003033459415906 -0.360955504503635 0.01794393037715601 0.0 0.0 0.0
0.0125 -0.3726305517080766 0.7015275185713221 0.07866609473463664 0.0 0.0 0.0
0.0125 0.2223726695962524 -0.7902753151813593 0.39365783417798045 0.0 0.0 0.0
0.0125 0.20496902708732326 -0.35543589454848407 -0.818658488535479 0.0 0.0 0.0
0.0125 -0.002278163938181627 0.01801483221862431 -0.5327031147944049 0.0 0.0 0.0
0.0125 0.06963577732042794 0.16174906107205428 0.10102355265276473 0.0 0.0 0.0
0.0125 -0.5012764345437031 0.4747914239995649 0.27574542741509933 0.0 0.0 0.0
0.0125 -0.4687443348613465 0.29680881370088064 0.7086665020061264 0.0 0.0 0.0
0.0125 -0.693955532348081 -0.0046917562309794795 0.6227104203375312 0.0 0.0 0.0
0.0125 0.1519644717049803 -0.24289372089907996 -0.5481318109970652 0.0 0.0 0.0
0.0125 -0.29901355409642943 0.018792223385140038 -0.24619173976214598 0.0 0.0 0.0
0.0125 0.6737240274496539 0.3366086636206044 0.0855430983175263 0.0 0.0 0.0
0.0125 0.7361880996065698 0.2878051625769481 0.4331327878305604 0.0 0.0 0.0
0.0125 0.10433985430180769 0.14486687241372728 0.6786993468862973 0.0 0.0 0.0
0.0125 -0.2283420993480111 -0.7436199076236742 0.3865535184964356 0.0 0.0 0.0
0.0125 -0.40361638531804783 -0.044487212209944005 0.37389613458061954 0.0 0.0 0.0
0.0125 -0.39583213315858634 -0.40807373692216126 -0.48403404557958535 0.0 0.0 0.0
0.0125 -0.05914606772653073 0.6576914945131793 -0.08915355776786982 0.0 0.0 0.0
0.0125 -0.6575477371289657 -0.19580418626025126 0.5909240559282051 0.0 0.0 0.0
0.0125 0.4737064446535692 0.42543776677787243 0.025247642834829255 0.0 0.0 0.0
0.0125 0.47538843041324463 0.445651859746995 0.008122807404855815 0.0 0.0 0.0
0.0125 -0.1576884868577452 0.18657017839607556 -0.6029747486138309 0.0 0.0 0.0
0.0125 -0.5039122671686341 0.2320503576717156 -0.17614583163239225 0.0 0.0 0.0
0.0125 0.18231831209610735 -0.1469523168763683 0.3834431739828592 0.0 0.0 0.0
0.0125 -0.4179617048985691 -0.14157059710013528 0.28979442744433415 0.0 0.0 0.0
0.0125 -0.5551288150536551 -0.6126185529704606 -0.5250013606093822 0.0 0.0 0.0
0.0125 0.6087875514316267 0.24150076421049493 0.22785006672364944 0.0 0.0 0.0
0.0125 -0.2029371640914328 -0.5249415595969462 0.27804229526993945 0.0 0.0 0.0
0.0125 -0.665540712694148 -0.39525829837421617 -0.13831757280700394 0.0 0.0 0.0
0.0125 -0.24071995063584237 -0.40269647958214155 0.566945917521324 0.0 0.0 0.0
0.0125 -0.22024885155201368 -0.4382621101961643 0.60820727958699 0.0 0.0 0.0
0.0125 -0.08578792078825274 0.9123600653923544 -0.27884799047695286 0.0 0.0 0.0
0.0125 -0.8981500245635474 -0.30838194537771363 -0.16983068983471575 0.0 0.0 0.0
0.0125 -0.8220416617654911 0.4675530737051205 0.2728231028391032 0.0 0.0 0.0
0.0125 0.2569881243999473 -0.4712715740835377 -0.08590412617052837 0.0 0.0 0.0
0.0125 0.06125538486599137 0.46597663360436203 0.5089382850053306 0.0 0.0 0.0
0.0125 0.33656858038765514 -0.6075248093726369 -0.6061344919229422 0.0 0.0 0.0
0.0125 0.04230543516941512 0.30935541050819726 -0.044356645577851316 0.0 0.0 0.0
0.0125 -0.5604736422678055 0.29174711977347834 0.1876347528644051 0.0 0.0 0.0
0.0125 -0.10578286666387951 -0.39383121020335815 -0.8993429725892136 0.0 0.0 0.0
0.0125 0.16378720694637686 0.42430790088366743 0.7062590555684121 0.0 0.0 0.0
0.0125 0.2578428705917697 -0.4409816043593551 0.5059269117137034 0.0 0.0 0.0
0.0125 -0.8683171184767314 -0.04619954977814442 -0.02761877787823624 0.0 0.0 0.0
0.0125 0.10576820536721572 0.7807743998986393 -0.32884805679253604 0.0 0.0 0.0
0.0125 0.25983280668552805 0.699712853324279 0.47378228073509293 0.0 0.0 0.0
0.0125 0.059682702257097806 -0.6063885973332114 -0.03926074028590843 0.0 0.0 0.0
0.0125 0.010250023107713443 -0.9401102437531981 -0.2254583774462791 0.0 0.0 0.0
