200
0
0.5 2.902544802555786 -6.093138026721354 1.4433023655891393 0.0 0.0 0.0
0.5 -2.2302338706037 -2.7987335129414124 4.311957478124842 0.0 0.0 0.0
0.5 -4.158639214587053 -3.9274935652312037 0.4297000944642985 0.0 0.0 0.0
0.5 4.574381286386062 3.773253339037921 -0.017898322506125518 0.0 0.0 0.0
0.5 -4.202354207853447 -1.2132553806992206 5.71928791855274 0.0 0.0 0.0
0.5 -6.3593978146497685 -1.5947095756768512 -3.9169878073634354 0.0 0.0 0.0
0.5 2.6345204855567617 3.498132991335018 0.8892449559380429 0.0 0.0 0.0
0.5 -0.9821952758650987 -0.6306873354213665 -1.3494473320236173 0.0 0.0 0.0
0.5 4.698631373087857 4.728775036801881 -2.513100410634877 0.0 0.0 0.0
0.5 3.7700827735015543 -5.685176584796298 1.3388764639362902 0.0 0.0 0.0
0.5 2.3808719731560597 -0.16074714358930597 -5.473303143162119 0.0 0.0 0.0
0.5 -1.2562094465323952 -7.264542213968918 1.116132517409593 0.0 0.0 0.0
0.5 -3.095336548947932 3.9764143693069793 2.2246244565209032 0.0 0.0 0.0
0.5 1.0117935550222008 3.4529591712295833 -6.316639517253447 0.0 0.0 0.0
0.5 2.3029916798394283 1.307450076836067 -1.7276188597692426 0.0 0.0 0.0
0.5 4.181652851679862 1.810923215886136 -3.4342792366900063 0.0 0.0 0.0
0.5 -0.3505261121571282 3.374737354853407 5.783404327332341 0.0 0.0 0.0
0.5 7.323135224555206 1.4856197463555119 -0.20958686774547733 0.0 0.0 0.0
0.5 6.315565845737287 1.875699458472904 3.1470612287871877 0.0 0.0 0.0
0.5 -0.01242837167361337 -0.0634426043911407 -7.382045913001581 0.0 0.0 0.0
0.5 -2.637753096192085 -4.744786663680165 -1.417810679988761 0.0 0.0 0.0
0.5 -3.987430351165035 2.8575113734162776 0.5541337575484165 0.0 0.0 0.0
0.5 -0.6859695686463378 1.5350429312575884 -4.761061543413112 0.0 0.0 0.0
0.5 -6.9013473265515906 -2.627209826688835 2.7506456664914176 0.0 0.0 0.0
0.5 2.725048924285469 2.5902775872232917 -0.6847349602926255 0.0 0.0 0.0
0.5 4.81162911134897 1.5236011942311858 -3.0692987636597477 0.0 0.0 0.0
0.5 -1.6680946255479148 2.226317183467933 5.769278262265085 0.0 0.0 0.0
0.5 -2.6991777319049337 -2.5094555849844014 -4.193758485727815 0.0 0.0 0.0
0.5 -3.0763786125066046 4.564064997909426 2.058462354567701 0.0 0.0 0.0
0.5 5.692670621805329 4.042996715407915 2.6609468816455544 0.0 0.0 0.0
0.5 0.4993985069275621 -3.4577296577793963 5.1492864565596586 0.0 0.0 0.0
0.5 -5.230176029451365 -3.173601124271766 0.32203441301297014 0.0 0.0 0.0
0.5 0.3096150039022088 0.22613031901197758 5.1754444986808545 0.0 0.0 0.0
0.5 -0.14361838270948435 -5.132581825664803 -0.5824508957822118 0.0 0.0 0.0
0.5 5.760082633910443 -3.743563314921558 -4.075835416338382 0.0 0.0 0.0
0.5 0.39543845650758647 -1.507476203880192 -6.233360042503661 0.0 0.0 0.0
0.5 -5.956852063948094 0.6436653432639468 -2.9925808031972823 0.0 0.0 0.0
0.5 1.1916893448593608 3.952793275555331 -6.432602634850443 0.0 0.0 0.0
0.5 -5.189284182082007 0.995675124122964 4.978184438053268 0.0 0.0 0.0
0.5 2.5866896130967914 4.678867189052904 -1.0297280585520812 0.0 0.0 0.0
0.5 -5.590746016018239 1.4370503474916407 -5.241035599441906 0.0 0.0 0.0
0.5 3.1595004727890954 -3.2258831754143684 1.6597752629041123 0.0 0.0 0.0
0.5 -3.7779329616449457 3.7277729185277484 1.8219901523497277 0.0 0.0 0.0
0.5 6.379864374436519 -4.157850233929347 2.1455167119052745 0.0 0.0 0.0
0.5 2.4438016952743835 -0.5891721042427694 6.086446738680854 0.0 0.0 0.0
0.5 -1.1631880243689856 -0.40283416680175743 -4.163245109081238 0.0 0.0 0.0
0.5 4.414041439789737 0.1479578889119103 -0.49521930615625726 0.0 0.0 0.0
0.5 -2.103640548832967 4.195767071768253 5.408720993079611 0.0 0.0 0.0
0.5 1.184938945190716 5.562582321959784 -4.979836029316482 0.0 0.0 0.0
0.5 5.470344960144735 -1.4098814651095926 3.4732054127268075 0.0 0.0 0.0
0.5 1.2531485111718215 6.03151449874841 0.5792963173806731 0.0 0.0 0.0
0.5 3.28724321468274 6.108778737244915 -2.261590441493717 0.0 0.0 0.0
0.5 3.4855412850777805 5.489174375630317 -4.1344993197966975 0.0 0.0 0.0
0.5 0.49756695517666355 0.7406509737011608 3.053080820752762 0.0 0.0 0.0
0.5 0.05417188769700097 2.742841920450994 -4.197897204796957 0.0 0.0 0.0
0.5 -0.7749099507786895 -3.3211484704119782 -2.4844721093540816 0.0 0.0 0.0
0.5 5.8700504251070384 5.433451077206428 0.06847682119201427 0.0 0.0 0.0
0.5 -4.527939285363406 -1.7399462947630113 0.5161589912750839 0.0 0.0 0.0
0.5 1.696836569932519 -5.615800346337232 -1.305468129755718 0.0 0.0 0.0
0.5 0.9988818395015217 3.962171489523683 -4.099500327076366 0.0 0.0 0.0
0.5 3.2180553980711353 2.045785932745852 -5.275133707653996 0.0 0.0 0.0
0.5 0.45149163975489504 1.256645206289531 0.012723376393658744 0.0 0.0 0.0
0.5 1.6204467274727816 2.28034845058629 5.497383694833825 0.0 0.0 0.0
0.5 -4.307719424632719 3.644532598226937 -3.5311864462192215 0.0 0.0 0.0
0.5 -2.845501696727386 4.434507777403708 0.8829535714985138 0.0 0.0 0.0
0.5 3.136575145358925 -3.9172008876019464 -3.300914429052658 0.0 0.0 0.0
0.5 -2.136942771934231 -2.59416785347416 1.3116004692117673 0.0 0.0 0.0
0.5 1.7453383536989582 -0.7470188778826935 -4.268906345721191 0.0 0.0 0.0
0.5 1.8614989228448253 -4.477551015806886 2.122106592575687 0.0 0.0 0.0
0.5 -4.086478223266611 4.1636914473581355 -4.413910645589146 0.0 0.0 0.0
0.5 -4.094273190219368 -2.232177737119257 1.720347634738439 0.0 0.0 0.0
0.5 3.5091872625005305 0.2838477353601779 -3.5982606073259316 0.0 0.0 0.0
0.5 -3.741720125161612 -0.00466653136347767 4.5717515863123905 0.0 0.0 0.0
0.5 -5.689021066194711 -0.32350838587321185 0.972282340988484 0.0 0.0 0.0
0.5 -4.6811766323536625 -5.357454032654367 -2.5230935175423563 0.0 0.0 0.0
0.5 3.5796978950836325 -3.4992612782680794 4.802464033521668 0.0 0.0 0.0
0.5 2.3085629027328287 -5.6149918694280645 2.624708725657907 0.0 0.0 0.0
0.5 3.755892540912273 1.095678761261536 -2.8492954656937037 0.0 0.0 0.0
0.5 -3.6988315823547526 3.5639996481769285 -2.177784134590616 0.0 0.0 0.0
0.5 -3.452492381208278 -5.299873667854632 -1.9007730836591485 0.0 0.0 0.0
0.5 2.7300260293808507 3.133113769252651 -0.5194957670996563 0.0 0.0 0.0
0.5 -1.200978070395508 -3.9690902061019337 5.51275393797699 0.0 0.0 0.0
0.5 3.4788132915598498 0.45518427179898835 -5.5618597548312705 0.0 0.0 0.0
0.5 2.8388371225313 -0.3584603449800532 -2.7593057828847325 0.0 0.0 0.0
0.5 0.22794861425709623 4.391287828468186 -3.312525231699824 0.0 0.0 0.0
0.5 0.4117476538206186 3.7357924101440303 -3.1045172749831282 0.0 0.0 0.0
0.5 -1.5818249908018212 7.6652728539967345 1.4059783698516566 0.0 0.0 0.0
0.5 -3.188703305730844 -6.141071898876191 3.670969054763173 0.0 0.0 0.0
0.5 2.3630521286631905 -1.4582912548092604 -6.382924237532426 0.0 0.0 0.0
0.5 2.7384292649372477 3.3714782634561185 1.50416131663676 0.0 0.0 0.0
0.5 5.997995038135341 1.7347014192679016 -2.7177539722343163 0.0 0.0 0.0
0.5 1.6725693050189108 -3.340766042674186 -3.1444150540675224 0.0 0.0 0.0
0.5 -0.9198390823422783 1.413013368353168 -7.126054704982959 0.0 0.0 0.0
0.5 -0.188311852653685 -5.438265154333553 -5.476073021156924 0.0 0.0 0.0
0.5 -1.1344070555312116 2.2987076949437006 6.6200264201734145 0.0 0.0 0.0
0.5 1.8867258459329306 -6.335909474469503 2.6614009654697486 0.0 0.0 0.0
0.5 -2.234674564935326 5.2388522731643 5.074925227704025 0.0 0.0 0.0
0.5 5.978871697353256 1.807216057567582 -3.7894307343792915 0.0 0.0 0.0
0.5 0.3714863158938654 -1.8215031854197368 5.967705403289376 0.0 0.0 0.0
0.5 0.9149471594971222 -1.273370754025912 5.610573065436484 0.0 0.0 0.0
0.5 1.531969253327458 -0.9550154590285641 0.4979296620510999 0.0 0.0 0.0
0.5 4.27727246564739 2.661009553566939 -5.834741034914444 0.0 0.0 0.0
0.5 2.5329584142470525 4.444202585497375 -2.4452049797352715 0.0 0.0 0.0
0.5 6.5235562486258285 -2.5617065944359716 -2.362845664775533 0.0 0.0 0.0
0.5 4.057462863094833 -0.6197268994376723 -0.3931581284416533 0.0 0.0 0.0
0.5 -1.5952799742666928 4.824368318704861 2.308105914672444 0.0 0.0 0.0
0.5 -3.3730987139749296 1.4281041021609735 4.550433228429078 0.0 0.0 0.0
0.5 -1.7609431608095798 1.4579685403029365 -5.39444988341932 0.0 0.0 0.0
0.5 4.105658776214017 -4.914234259388374 1.1633183938545497 0.0 0.0 0.0
0.5 -2.6515836781626216 -0.5320938927525527 1.337641042889119 0.0 0.0 0.0
0.5 0.5570105886633915 -5.145231933885275 -1.6986829488034991 0.0 0.0 0.0
0.5 5.211441732786137 -1.027698326891299 5.372215237813532 0.0 0.0 0.0
0.5 3.0883090388846712 1.6929585700251064 -3.2822000265376836 0.0 0.0 0.0
0.5 0.31911128297646507 -0.15104797602539938 -7.340989003433395 0.0 0.0 0.0
0.5 2.6313005107968293 -1.0573688342519 -2.7381246622668907 0.0 0.0 0.0
0.5 1.029995015246741 4.579621899838292 -5.6064803783472605 0.0 0.0 0.0
0.5 -0.26821138232627917 5.474550919535255 -4.661946578618555 0.0 0.0 0.0
0.5 -3.4030487778790737 -2.2296311089942313 -0.5445234680488323 0.0 0.0 0.0
0.5 3.521234832282594 1.0148614821786668 -3.8513740769146727 0.0 0.0 0.0
0.5 1.9386296793152604 -1.7716945994886055 4.094360193844341 0.0 0.0 0.0
0.5 0.9097655549148802 -2.799116610398867 1.9215991315901306 0.0 0.0 0.0
0.5 0.8046760485664222 2.2629949574719346 -4.363874067077199 0.0 0.0 0.0
0.5 -5.730972650314913 4.690362135309971 0.38271824655412034 0.0 0.0 0.0
0.5 -2.713382719277096 -6.508083944009992 -1.4949463852590872 0.0 0.0 0.0
0.5 1.6188697497528137 -0.1552147656245884 -4.55721622351643 0.0 0.0 0.0
0.5 -0.9154072582159061 5.436988440819915 -4.128974119310268 0.0 0.0 0.0
0.5 -0.76583303523209 -2.0772191866203498 4.8408684307266405 0.0 0.0 0.0
0.5 -2.347881256456112 7.302225620391616 -0.9459523587887595 0.0 0.0 0.0
0.5 -0.07459768701733058 6.4552677378718535 1.462614147178453 0.0 0.0 0.0
0.5 -0.44212195413001754 2.051277043042233 -1.62900417888666 0.0 0.0 0.0
0.5 2.5697489638502673 1.4290453294053604 3.025707595664464 0.0 0.0 0.0
0.5 -1.3862734934880296 0.6360484456845025 1.742512566939358 0.0 0.0 0.0
0.5 3.0256393455255073 -1.6007245912916839 -0.2628770337555855 0.0 0.0 0.0
0.5 1.1687749354245405 1.8374422066699185 1.9866313350919949 0.0 0.0 0.0
0.5 -0.611412269204369 4.459258201312421 -6.524768571558584 0.0 0.0 0.0
0.5 -7.734189864387808 -0.7037015484150423 1.8780263003628708 0.0 0.0 0.0
0.5 -2.2941792847644016 -6.330874869897913 -3.284699299146721 0.0 0.0 0.0
0.5 3.8212979606664232 4.988633908423917 -1.9312320047589302 0.0 0.0 0.0
0.5 -2.0732760347916757 1.4674049331182568 0.6595172676142762 0.0 0.0 0.0
0.5 0.2932443677376631 6.15836865788316 3.795928842419658 0.0 0.0 0.0
0.5 1.1570646839463112 -1.1111733967203192 -2.9483905058108615 0.0 0.0 0.0
0.5 2.7836052822021258 5.058148413435509 -4.292980913342496 0.0 0.0 0.0
0.5 -0.4961070080210631 -2.740624399954193 -1.880996262587607 0.0 0.0 0.0
0.5 4.449223361038374 -5.752160260306125 2.8010640837049396 0.0 0.0 0.0
0.5 -0.20613098430924945 4.89820156796458 -2.060050629033979 0.0 0.0 0.0
0.5 -0.6236792325634477 -0.6325723575118428 -1.7357757133470846 0.0 0.0 0.0
0.5 -4.87134134730041 0.9034011314847781 3.9947182719982823 0.0 0.0 0.0
0.5 3.702460163488559 -2.8154708950844576 0.33374770946228544 0.0 0.0 0.0
0.5 -3.320998301578933 1.7752916614205143 3.2586772292861412 0.0 0.0 0.0
0.5 -4.244580314484583 0.2044461980362885 3.5160175422378726 0.0 0.0 0.0
0.5 2.1453377827056848 0.9211628749741497 7.0168230471113135 0.0 0.0 0.0
0.5 2.979903761353609 3.3766214636038296 -1.5510784638672765 0.0 0.0 0.0
0.5 2.010911401553439 6.157009153658671 -2.804566672109599 0.0 0.0 0.0
0.5 1.1031123854947111 5.332774845393635 2.4192822378607324 0.0 0.0 0.0
0.5 -5.246866571137506 2.1273820146431524 -1.406790579505034 0.0 0.0 0.0
0.5 -2.9768558863390533 -2.6132646691462815 -6.465804461250857 0.0 0.0 0.0
0.5 4.635020908540091 -4.823327737156638 -3.5658419268720722 0.0 0.0 0.0
0.5 6.646041357650855 -3.9050011269454092 1.0179304778751448 0.0 0.0 0.0
0.5 1.2872735958025228 7.707138223641499 -1.710446631933378 0.0 0.0 0.0
0.5 -4.031064443295922 6.7838218159681665 -0.18745818240288906 0.0 0.0 0.0
0.5 -2.5362774981791 -0.19958008457855145 -4.022091087005053 0.0 0.0 0.0
0.5 2.782300554661134 -7.293779938184079 -0.7449475371512202 0.0 0.0 0.0
0.5 -6.66813376442403 1.3401407247463089 -2.143488272890686 0.0 0.0 0.0
0.5 2.517432537424989 2.4915867610295828 -2.022347379823208 0.0 0.0 0.0
0.5 -0.25979191020672704 6.090536688234307 -3.93802366687101 0.0 0.0 0.0
0.5 -2.585515630667589 0.574725360350032 2.031597938890016 0.0 0.0 0.0
0.5 -5.403780099589028 5.76188060844489 0.25961290169489454 0.0 0.0 0.0
0.5 -1.7095591287502934 0.49847379616599413 -2.387151673052827 0.0 0.0 0.0
0.5 5.709643090026504 -3.6539182229149967 -1.7617262703851853 0.0 0.0 0.0
0.5 0.0002836505379778426 5.919883799268231 4.682005638815156 0.0 0.0 0.0
0.5 -3.3764058720272763 -1.1955512482751713 3.6939026101506602 0.0 0.0 0.0
0.5 -2.867508637573561 -4.60967967217814 -4.355189208215134 0.0 0.0 0.0
0.5 -5.610520881425319 0.09294974058308816 -5.0110587544572365 0.0 0.0 0.0
0.5 2.1795381832605396 3.099113895661004 -6.565635634995072 0.0 0.0 0.0
0.5 0.540556670568514 -1.0806489764624383 4.500812453229711 0.0 0.0 0.0
0.5 -1.9189420079698067 -7.271021934268725 -0.3412093567347773 0.0 0.0 0.0
0.5 1.9013228101657482 -7.663603579846434 0.6405190410820331 0.0 0.0 0.0
0.5 -2.4410011906588887 4.229834479810647 -4.866014626690423 0.0 0.0 0.0
0.5 1.5623440528080101 4.32128422166886 -2.726129749100639 0.0 0.0 0.0
0.5 2.886166207084843 4.396891417820647 -4.730278229409435 0.0 0.0 0.0
0.5 6.025216031051999 1.7275758817815599 -3.620528157994581 0.0 0.0 0.0
0.5 -2.5808863779548905 -5.66847673223228 4.39014710207977 0.0 0.0 0.0
0.5 -1.484472431043775 6.15389530419121 -1.380994599432552 0.0 0.0 0.0
0.5 -3.9806683577075126 5.890977721840892 -3.517048603230786 0.0 0.0 0.0
0.5 -2.6653304430837976 5.886759621390645 0.670436708268729 0.0 0.0 0.0
0.5 -6.295691094873945 -0.6208938629296061 4.2581394449174415 0.0 0.0 0.0
0.5 -0.9206541432682456 -3.4655273750542093 7.098930813490653 0.0 0.0 0.0
0.5 6.17525082458921 1.9664831385053678 -0.15746778352089758 0.0 0.0 0.0
0.5 -1.1594743676651424 5.4525218683069046 3.4173464879506126 0.0 0.0 0.0
0.5 -3.110642045922293 2.3761288686705258 2.3132915396797187 0.0 0.0 0.0
0.5 -3.248282654470518 -4.250631137397544 -4.512061255076807 0.0 0.0 0.0
0.5 0.24826760421368052 -5.369644331533871 -4.836875584488399 0.0 0.0 0.0
0.5 7.092920697506298 2.0593001838550373 -0.7922962275969601 0.0 0.0 0.0
0.5 2.7827533498402737 -0.6781393384415277 -4.00988566746058 0.0 0.0 0.0
0.5 -1.96129660399706 0.5658702679706425 -6.3314449423055486 0.0 0.0 0.0
0.5 2.8128132993314336 -1.8942808224037342 -2.96043157096581 0.0 0.0 0.0
0.5 0.7347323894759529 7.131365129553626 2.2767725961383793 0.0 0.0 0.0
0.5 3.2314625399790544 4.582817696839832 1.0467489385230024 0.0 0.0 0.0
0.5 2.2700918680219235 -0.587880933668525 -3.716085499767965 0.0 0.0 0.0
0.5 0.5212831745668065 -3.5238861569086097 -6.3227166261733645 0.0 0.0 0.0
