100
0
0.1 0.5859780683174075 -0.026489927876625043 -0.20948648473041373 0.0 0.0 0.0
0.1 0.35381927057743223 -0.3360037215806052 0.539576361094127 0.0 0.0 0.0
0.1 -0.07829832787722578 0.5550109243585507 -0.0364135708006213 0.0 0.0 0.0
0.1 -0.5041493377892007 0.565335876859674 0.566317020411896 0.0 0.0 0.0
0.1 -0.4006208389755675 0.39893729996821875 0.2828684305304851 0.0 0.0 0.0
0.1 0.6577978939231045 -0.31108450857015385 -0.6438092288829208 0.0 0.0 0.0
0.1 -0.6878281772651077 -0.6610485733153102 0.005243191988396155 0.0 0.0 0.0
0.1 0.10257882883409224 -0.02778800018402067 0.7116571007370083 0.0 0.0 0.0
0.1 -0.2578442435062112 0.5083503658131414 -0.6029389308821532 0.0 0.0 0.0
0.1 -0.6840282647220777 0.4741031392475544 -0.2957633747309101 0.0 0.0 0.0
0.1 0.017911806135048582 0.09753104265812682 -0.10404909684569351 0.0 0.0 0.0
0.1 0.1293370440670762 -0.8585828693742331 0.013970550713640832 0.0 0.0 0.0
0.1 0.024617074839699223 -0.8690010268394925 -0.44025383153389863 0.0 0.0 0.0
0.1 -0.5580657570382388 -0.5441976779185788 -0.10154357779931028 0.0 0.0 0.0
0.1 -0.08022632038695726 -0.07139609848390167 0.14458946316120022 0.0 0.0 0.0
0.1 -0.4144717108554586 0.26351201133354973 -0.8146440713335141 0.0 0.0 0.0
0.1 0.1753677007640854 -0.7364130890015885 0.1112257117805417 0.0 0.0 0.0
0.1 0.35056894431916824 0.4424240963174734 -0.027879892745994398 0.0 0.0 0.0
0.1 -0.442641650464882 0.551971108449693 0.48364183973320807 0.0 0.0 0.0
0.1 0.4669019392371986 0.48472340179706885 0.10861390205802492 0.0 0.0 0.0
0.1 0.08192893314494927 -0.418739959542236 0.07690822067640446 0.0 0.0 0.0
0.1 0.18566283432237765 -0.9072504021567989 0.05431245386860093 0.0 0.0 0.0
0.1 -0.0702798205682851 0.7831510246177371 0.25213247575218584 0.0 0.0 0.0
0.1 -0.5133880546888269 0.8512543191030534 0.08705686235685023 0.0 0.0 0.0
0.1 0.330870387882159 0.5450754155935528 -0.7626135204150148 0.0 0.0 0.0
0.1 0.10739096910860242 -0.41500514813507583 -0.7134605274208632 0.0 0.0 0.0
0.1 0.11600210645908621 0.6785462410455333 0.4186952279426186 0.0 0.0 0.0
0.1 0.47013611580767994 0.37120558203284226 -0.4896501915226393 0.0 0.0 0.0
0.1 0.3824924963160581 -0.06442523112498513 0.8618946938943159 0.0 0.0 0.0
0.1 -0.28249911061101823 -0.8553669661322668 -0.2332042644466432 0.0 0.0 0.0
0.1 0.6128279191999741 -0.468251914583847 -0.4574365333192848 0.0 0.0 0.0
0.1 -0.4247224021137387 0.37882037877051467 -0.64382906969546 0.0 0.0 0.0
0.1 -0.25177823668409466 0.4810419498111745 0.17754073254732794 0.0 0.0 0.0
0.1 -0.3037207899094032 -0.16250374820068117 -0.393432932823466 0.0 0.0 0.0
0.1 -0.7082333169467415 -0.4579751124393711 0.3186213329944895 0.0 0.0 0.0
0.1 -0.5608157640762945 0.020055228985938478 -0.6202595198786153 0.0 0.0 0.0
0.1 0.3623898509474667 -0.6417099865535857 -0.652500593277554 0.0 0.0 0.0
0.1 -0.13053179957103261 -0.23692854830179955 0.05872635750059331 0.0 0.0 0.0
0.1 -0.47929023563692763 -0.6229416426074741 0.1886120876217276 0.0 0.0 0.0
0.1 -0.6484720486552643 -0.20773010052101212 -0.6072361444597869 0.0 0.0 0.0
0.1 0.3912666553397917 0.052262748160291556 0.6206707775823895 0.0 0.0 0.0
0.1 0.5619285375075695 -0.566078624436251 -0.047046714988342446 0.0 0.0 0.0
0.1 0.8674096978053125 0.3586765526930092 0.2785664591127141 0.0 0.0 0.0
0.1 -0.6923287936835444 0.10468450629618473 -0.11706626699256921 0.0 0.0 0.0
0.1 -0.7774589879207106 0.2587082385625417 -0.1187027976036513 0.0 0.0 0.0
0.1 -0.6132087897595 -0.24544333916318775 -0.5107024231218179 0.0 0.0 0.0
0.1 0.8548873767335309 -0.324651945153546 0.37195970123416244 0.0 0.0 0.0
0.1 -0.3496489188496224 -0.2716113352494829 0.7323667465957175 0.0 0.0 0.0
0.1 0.1619370683646098 -0.9417008786277045 0.17269541788109732 0.0 0.0 0.0
0.1 0.14561366828929068 0.38246976695435125 -0.7922864044695266 0.0 0.0 0.0
0.1 -0.28712191100377366 0.2345192550047069 0.36962919087894824 0.0 0.0 0.0
0.1 0.8309024313564098 -0.12577471691980527 0.02178405617720374 0.0 0.0 0.0
0.1 0.22120514027913007 0.02955931196328234 -0.016188747062344418 0.0 0.0 0.0
0.1 -0.0978102330742703 0.11032795065050835 -0.45900844641441774 0.0 0.0 0.0
0.1 0.223314521498573 -0.8683631308776942 -0.43191278134314326 0.0 0.0 0.0
0.1 -0.1860713706185366 0.19545871664651127 0.5023666294585816 0.0 0.0 0.0
0.1 -0.7270739391729412 -0.21459590315094332 0.625223941287864 0.0 0.0 0.0
0.1 -0.39174965889357166 0.48508725128560853 0.5269029085728203 0.0 0.0 0.0
0.1 -0.1539792041562951 -0.5429840428181488 -0.7069556965419489 0.0 0.0 0.0
0.1 0.20390402811824224 -0.4340206451802963 0.1049460742332143 0.0 0.0 0.0
0.1 0.7389457408115591 0.45192064925488623 0.24110148210214566 0.0 0.0 0.0
0.1 0.4309262731006445 0.6968973761693286 -0.5483356329559966 0.0 0.0 0.0
0.1 -0.28487292488195143 -0.47124497991126013 0.3277442330425466 0.0 0.0 0.0
0.1 0.3682995516029046 0.36014068539182703 -0.3771765784574511 0.0 0.0 0.0
0.1 0.2281173450280246 0.2576334844308919 0.15931573330603407 0.0 0.0 0.0
0.1 0.32903334922406774 -0.21125111945644967 0.3429188671062476 0.0 0.0 0.0
0.1 0.30506377293244025 0.524269533473525 0.590597080110603 0.0 0.0 0.0
0.1 -0.6237655972214502 -0.6795231007025143 -0.13782912156887678 0.0 0.0 0.0
0.1 0.0716071022871066 0.7342763571231776 -0.4108959651322165 0.0 0.0 0.0
0.1 0.6472001030630757 0.26805486624516006 0.131092028392503 0.0 0.0 0.0
0.1 -0.5398723131234132 -0.7043138656866873 -0.07656186337598689 0.0 0.0 0.0
0.1 -0.5649972295718833 -0.1075042573019525 0.2486510787155935 0.0 0.0 0.0
0.1 -0.5354298969199883 0.5652568754427233 0.48996652153043846 0.0 0.0 0.0
0.1 0.8428928815765894 0.11330246652906906 0.04554787901646763 0.0 0.0 0.0
0.1 0.7615765401746426 0.17505758024855675 0.13249766419939693 0.0 0.0 0.0
0.1 0.529329774218145 -0.016428582434539627 0.05495476820522749 0.0 0.0 0.0
0.1 -0.41599069626206747 0.6979767511676113 -0.1554352393875727 0.0 0.0 0.0
0.1 -0.16786633543878815 -0.3622424181374135 -0.774136833848858 0.0 0.0 0.0
0.1 0.24526589325998163 0.41670030525016566 0.8619834734736372 0.0 0.0 0.0
0.1 -0.17797532693566653 0.08777342866049438 0.1860766651773922 0.0 0.0 0.0
0.1 -0.07084957109214768 0.699215891435572 -0.5772366788561202 0.0 0.0 0.0
0.1 -0.381205342994252 0.3976466179282499 0.5665638360533617 0.0 0.0 0.0
0.1 -0.046710841939904234 -0.5922498520989001 0.3341889611206417 0.0 0.0 0.0
0.1 -0.7172406734130918 -0.02324515179216977 0.35840443356847723 0.0 0.0 0.0
0.1 -0.6324807976867624 0.012261369032973542 0.2852857617646462 0.0 0.0 0.0
0.1 -0.1430696750752723 0.056073988645410036 -0.42439503092737474 0.0 0.0 0.0
0.1 0.08349469184807264 0.05037329689695144 0.8692602357550852 0.0 0.0 0.0
0.1 -0.469146365602886 -0.2927485567565464 -0.05729863408944195 0.0 0.0 0.0
0.1 0.5313835973279102 0.21796522771426433 0.8147476134525194 0.0 0.0 0.0
0.1 -0.4221607028226142 -0.05372427363945015 -0.19967292458343142 0.0 0.0 0.0
0.1 -0.3592899358067738 0.2783925365978533 -0.08648721260899177 0.0 0.0 0.0
0.1 0.4444662747359709 0.10212474646086564 0.760345261271177 0.0 0.0 0.0
0.1 -0.034758552130690346 0.07688330127782023 0.7166258969333951 0.0 0.0 0.0
0.1 -0.7176753778685476 -0.4160301698779003 -0.13238687519970516 0.0 0.0 0.0
0.1 -0.4110400233753686 -0.23132988307147984 -0.7230739083101727 0.0 0.0 0.0
0.1 0.3458101418909674 -0.14572135548250162 0.08796174410742062 0.0 0.0 0.0
0.1 -0.7977750215825907 0.039669068435771046 -0.14109545290750022 0.0 0.0 0.0
0.1 -0.8037505920110878 -0.5343756566637673 -0.038383612855816464 0.0 0.0 0.0
0.1 -0.3291937784238047 0.32354884710278037 0.7228232041838663 0.0 0.0 0.0
0.1 0.15994228569207034 -0.2719343791936883 0.1119612900114956 0.0 0.0 0.0
