10
0
1.0 -0.6213935143091462 0.5769382390275342 0.06607774847823383 0.0 0.0 0.0
1.0 0.5255237517476139 0.43745539665231836 -0.24907332648296998 0.0 0.0 0.0
1.0 -0.1522820566023331 0.4596988900688444 -0.5628881014455355 0.0 0.0 0.0
1.0 -0.186598544075296 0.1324018557853127 0.6952149576760721 0.0 0.0 0.0
1.0 -0.4145189249037111 -0.21156241070257356 0.5411669201135653 0.0 0.0 0.0
1.0 -0.18417826133733864 -0.22548653138559313 -0.2627813242173829 0.0 0.0 0.0
1.0 -0.5526245390873729 -0.4534722764146518 -0.266897688058501 0.0 0.0 0.0
1.0 -0.03842559093231685 0.024203081957179958 -0.797125832720806 0.0 0.0 0.0
1.0 -0.3789639558108294 0.23153973646179699 0.25929794561477765 0.0 0.0 0.0
1.0 -0.0696148041513677 0.7304040541604138 0.3080104836079775 0.0 0.0 0.0
