200
0
0.25 0.00737137499014756 -0.32318207504309354 -0.3161151944128845 0.0 0.0 0.0
0.25 0.186147724894258 0.5779766689430157 0.6915876772011047 0.0 0.0 0.0
0.25 -0.622558380539789 -0.47781764390025805 0.2294486225263132 0.0 0.0 0.0
0.25 0.4226034833761322 0.18035401439551219 -0.5091930787087209 0.0 0.0 0.0
0.25 -0.4152718612376257 0.006339782770622526 -0.48985788457955837 0.0 0.0 0.0
0.25 -0.47243943873878097 0.3085074197763146 0.08258246692363094 0.0 0.0 0.0
0.25 0.9441384132847858 -0.272369764860668 0.17204875498007555 0.0 0.0 0.0
0.25 -0.38558956334543815 0.4624451565467774 0.5523699932432357 0.0 0.0 0.0
0.25 0.634246536239327 0.08177374918355329 -0.16218072948903697 0.0 0.0 0.0
0.25 0.033895580850463625 0.1921349969296013 0.7607837145444382 0.0 0.0 0.0
0.25 -0.5646216302671367 0.14024004139660895 -0.46489971514928913 0.0 0.0 0.0
0.25 -0.2456484852195066 0.06442183313765594 -0.5353466185184902 0.0 0.0 0.0
0.25 -0.5011965320789017 -0.21793114203644168 -0.2080031394472224 0.0 0.0 0.0
0.25 -0.6877973218677489 0.3760208716642721 0.17471026508922766 0.0 0.0 0.0
0.25 0.28856778355810575 -0.21300114110837384 -0.3081343982145504 0.0 0.0 0.0
0.25 0.42048804310407467 0.31406394129249426 0.25347263619621435 0.0 0.0 0.0
0.25 -0.26440328691819587 -0.3489455417390692 0.45992685844151227 0.0 0.0 0.0
0.25 0.25472373456500386 0.0344917810075607 0.7783534121829012 0.0 0.0 0.0
0.25 -0.4567604361340727 -0.4371181968409632 0.22072913642464143 0.0 0.0 0.0
0.25 0.036037493137331775 -0.40176608122312674 0.13190674478721515 0.0 0.0 0.0
0.25 0.18472361453293162 -0.8395035852802867 -0.496622355647355 0.0 0.0 0.0
0.25 -0.25113572482044055 -0.5913654443837314 -0.21596023976040923 0.0 0.0 0.0
0.25 -0.4202760684096879 0.6112506874846434 -0.3787940343655399 0.0 0.0 0.0
0.25 0.26861334607947857 -0.8332329864444459 0.4777287189433 0.0 0.0 0.0
0.25 0.25723933132131754 0.2854199397750879 -0.3927685689382034 0.0 0.0 0.0
0.25 0.008839478535714094 -0.027850512098810978 0.20478594465175542 0.0 0.0 0.0
0.25 0.4432905834739259 0.5498494914506796 -0.4349561120215237 0.0 0.0 0.0
0.25 -0.6182769936616065 -0.6001782128745926 -0.21273766695136723 0.0 0.0 0.0
0.25 -0.8666731402861945 -0.020040338244224926 -0.208666198120774 0.0 0.0 0.0
0.25 -0.1296620980637559 -0.39361894808952047 -0.18533523012378797 0.0 0.0 0.0
0.25 0.19481985974261531 -0.14648969198582934 -0.7370425321266059 0.0 0.0 0.0
0.25 0.32151138078939767 0.012569893768348194 0.3145602371418105 0.0 0.0 0.0
0.25 -0.6170756250038313 -0.3991723808234852 -0.2704583080344966 0.0 0.0 0.0
0.25 0.7422445753274076 0.23461794808242897 0.2811510500792261 0.0 0.0 0.0
0.25 0.7116531250713423 -0.37032737910468044 -0.18629655120263863 0.0 0.0 0.0
0.25 0.6578119983674471 -0.31237377781377473 0.5768732701568592 0.0 0.0 0.0
0.25 0.4470474241405508 0.1604651280564403 -0.11304074078215581 0.0 0.0 0.0
0.25 0.41565443006090436 0.21246989568664962 0.5447799420964768 0.0 0.0 0.0
0.25 -0.014203440163042333 0.21027129094474734 -0.6807460697962435 0.0 0.0 0.0
0.25 -0.041151971244889424 -0.01574396378522802 -0.9638328986935805 0.0 0.0 0.0
0.25 0.45028227681396193 -0.7273202753123146 -0.07930962890190844 0.0 0.0 0.0
0.25 -0.4450589054077181 -0.20754318726225582 -0.5277442780508829 0.0 0.0 0.0
0.25 0.07064495318282325 -0.5034529181422601 0.007191824025654666 0.0 0.0 0.0
0.25 0.23158308855280027 0.5410769859608018 -0.24676790078191677 0.0 0.0 0.0
0.25 0.614261583519003 0.17010141372629697 -0.20285981691252492 0.0 0.0 0.0
0.25 0.07640602158268867 -0.17500893983622462 -0.8540169865103401 0.0 0.0 0.0
0.25 0.8323975951748986 -0.07617329222289915 0.29815642045818086 0.0 0.0 0.0
0.25 0.018545854939372688 0.5061708155878517 0.24929864918983163 0.0 0.0 0.0
0.25 0.1382392631682808 0.5150595269046894 0.32783445090165025 0.0 0.0 0.0
0.25 0.6505084021256409 0.03426814549397121 0.7195822833671153 0.0 0.0 0.0
0.25 -0.7860672530240627 -0.29512545898730064 -0.358928578823088 0.0 0.0 0.0
0.25 0.3577077813072298 -0.16359092167480935 -0.3472643835084527 0.0 0.0 0.0
0.25 0.6244339339305452 0.0312818893299338 0.06419840369018269 0.0 0.0 0.0
0.25 -0.766371292709311 -0.24368467839597388 0.36429411068826384 0.0 0.0 0.0
0.25 -0.09663150430071808 -0.7397171651242981 -0.5689123394515083 0.0 0.0 0.0
0.25 0.24625098053781794 -0.6477902369384274 0.5573549939801438 0.0 0.0 0.0
0.25 -0.5313489907817001 -0.29153613765245945 -0.1134839894134861 0.0 0.0 0.0
0.25 -0.27545986807483863 -0.48190456147399496 0.7993017687952327 0.0 0.0 0.0
0.25 -0.2881383624259645 -0.22265313965376207 0.05624348469292021 0.0 0.0 0.0
0.25 -0.2716252264306291 -0.2701492008004937 0.4842062484295033 0.0 0.0 0.0
0.25 0.7505489524843516 0.38286355531264926 -0.3346579428338039 0.0 0.0 0.0
0.25 0.09152648424747524 -0.21505637493900073 0.21156749983057346 0.0 0.0 0.0
0.25 -0.8798146776175807 -0.27395535743431904 -0.2937996332318024 0.0 0.0 0.0
0.25 -0.7902080760085631 0.3854535782522981 0.14248421525179333 0.0 0.0 0.0
0.25 -0.1358199035897471 0.6153778532008419 0.3718386061891007 0.0 0.0 0.0
0.25 0.47474483640039283 0.6286616990093432 -0.25013070879032007 0.0 0.0 0.0
0.25 -0.2021129684880103 -0.7512976580787767 0.008075032547252413 0.0 0.0 0.0
0.25 0.20083154606619535 0.7021987830417507 0.23283498339521677 0.0 0.0 0.0
0.25 0.44659551216484616 -0.128745343462002 0.37595422481579577 0.0 0.0 0.0
0.25 -0.018857991399482642 -0.18920637048868302 -0.5789828182855399 0.0 0.0 0.0
0.25 -0.3044541617668853 0.4232397584369395 0.12985923022322082 0.0 0.0 0.0
0.25 0.5964055144748897 0.6939460842296205 0.21992056051390146 0.0 0.0 0.0
0.25 0.06357170166746215 0.78237489472655 -0.12040447992970299 0.0 0.0 0.0
0.25 0.43047967363963996 -0.24330275852939104 -0.14080704441373554 0.0 0.0 0.0
0.25 -0.6243743710045291 0.5373645427827872 -0.18885864677566083 0.0 0.0 0.0
0.25 0.34318542236112065 0.019725616634153908 -0.33029255402716085 0.0 0.0 0.0
0.25 0.4001858177526102 -0.7743453565405574 0.4841868787018588 0.0 0.0 0.0
0.25 -0.5550038881252789 -0.3528476410947092 -0.3237933040140945 0.0 0.0 0.0
0.25 -0.03061797801977397 -0.8175001582967371 -0.023932703433381452 0.0 0.0 0.0
0.25 0.37801758919514344 -0.4548520940316449 0.7339258318763823 0.0 0.0 0.0
0.25 -0.2848377064237499 -0.618508956569596 0.6941463671127619 0.0 0.0 0.0
0.25 0.10014833833515038 0.3716105406802039 -0.36123008914668864 0.0 0.0 0.0
0.25 0.2549125825784065 0.4522217040027405 0.7191356242050325 0.0 0.0 0.0
0.25 0.1814497757911206 -0.6063024448124368 0.17565649647182047 0.0 0.0 0.0
0.25 -0.47149054607793134 -0.26115736871917145 0.33720351015374495 0.0 0.0 0.0
0.25 0.298246284901037 -0.750694960828842 -0.013464092775330016 0.0 0.0 0.0
0.25 0.3737027812690349 -0.17767430994135983 -0.8708979817547655 0.0 0.0 0.0
0.25 0.23785000593265745 -0.37354084624638034 -0.8925803185487439 0.0 0.0 0.0
0.25 -0.8061955543565927 0.3490713967595373 -0.4165057587697352 0.0 0.0 0.0
0.25 0.12603294153772773 0.5079628869270806 -0.36623427249793167 0.0 0.0 0.0
0.25 0.14569968574527303 -0.43650946306002053 0.6567749696637233 0.0 0.0 0.0
0.25 0.4066867464546318 0.44347413341614433 -0.6591247768419822 0.0 0.0 0.0
0.25 0.5427214595952096 0.10620821429989936 -0.600655565277958 0.0 0.0 0.0
0.25 -0.9200937129136718 -0.2666104847024726 -0.2046307030188204 0.0 0.0 0.0
0.25 -0.34569811039437387 -0.05950950853472813 -0.18555580032319358 0.0 0.0 0.0
0.25 -0.025569388588531413 -0.20781904493121575 0.24781234943872296 0.0 0.0 0.0
0.25 -0.11159173223318712 -0.25550483483378855 -0.9224854897325994 0.0 0.0 0.0
0.25 0.092670794446314 -0.2875803599732275 0.5767951036122236 0.0 0.0 0.0
0.25 -0.10484541766488367 0.3332739999486229 0.17742336135706516 0.0 0.0 0.0
0.25 0.045012133257849 0.9572483616627812 0.22858130042671884 0.0 0.0 0.0
0.25 -0.23052032257434588 0.3950720219277225 0.885965210801407 0.0 0.0 0.0
0.25 0.5611877357529669 0.49240644752460766 -0.6145858200666531 0.0 0.0 0.0
0.25 -0.7921380683837558 -0.4766333936383243 -0.14826017792277843 0.0 0.0 0.0
0.25 -0.8640392571790185 -0.4492139248523521 -0.10001662852484662 0.0 0.0 0.0
0.25 0.18669874959237634 -0.43917466305798286 -0.6826462756098919 0.0 0.0 0.0
0.25 0.4873100601423926 -0.20171600278350826 0.42322565005635654 0.0 0.0 0.0
0.25 -0.09455132232299714 0.0559212714086159 -0.05534685567973466 0.0 0.0 0.0
0.25 0.6170945955169144 0.18287480546344545 -0.6678481325831964 0.0 0.0 0.0
0.25 0.791629019898076 -0.11636351731650917 -0.10026581702855726 0.0 0.0 0.0
0.25 -0.3352056969470396 -0.14552191548129859 -0.23768410379744512 0.0 0.0 0.0
0.25 -0.9350082500662701 0.021481261078732043 0.3201080801487963 0.0 0.0 0.0
0.25 0.5776844604975556 0.42653208097421724 0.10503288540120853 0.0 0.0 0.0
0.25 -0.2618586213959894 0.8055603600837773 -0.15227858785156256 0.0 0.0 0.0
0.25 -0.18275026322930044 0.530580689917911 -0.8093702266103664 0.0 0.0 0.0
0.25 0.4023854062806317 -0.29003408029097594 0.36272323027704084 0.0 0.0 0.0
0.25 -0.5748294660328448 -0.4406548491665392 -0.49433899036452633 0.0 0.0 0.0
0.25 0.79758200337724 0.2523185664170264 -0.16569565778329146 0.0 0.0 0.0
0.25 0.9404768643231125 0.20626999199858195 -0.02141357002625821 0.0 0.0 0.0
0.25 0.3713672467406893 -0.9019960005660068 -0.1929437574780577 0.0 0.0 0.0
0.25 -0.23576995116756805 -0.6773268011255859 -0.31996977819142 0.0 0.0 0.0
0.25 -0.14498861687701267 -0.34407746300152237 -0.1285557349371796 0.0 0.0 0.0
0.25 -0.26348707949544614 -0.18499961730612638 -0.6444205075937258 0.0 0.0 0.0
0.25 -0.17564408340426635 -0.16850846200115432 -0.6476722003130367 0.0 0.0 0.0
0.25 -0.4089966537139677 -0.406204930994177 0.7334144118634146 0.0 0.0 0.0
0.25 0.5639009172023864 0.14684968469088455 -0.09096730055263312 0.0 0.0 0.0
0.25 -0.0610610453763962 -0.7381401831409006 -0.055880332885026404 0.0 0.0 0.0
0.25 0.16593506384130863 0.46903594741468796 -0.3445895401085053 0.0 0.0 0.0
0.25 -0.4201198574040523 0.27884414941201086 0.12736414406121935 0.0 0.0 0.0
0.25 -0.000564308511050322 0.2566061038917985 -0.7696361428029651 0.0 0.0 0.0
0.25 0.6316532816006428 0.500546764875104 -0.5251761904082167 0.0 0.0 0.0
0.25 -0.17252717163812753 -0.13379112743242172 0.9493695019654862 0.0 0.0 0.0
0.25 -0.028661906587162597 -0.3496977235388906 -0.5705853939706356 0.0 0.0 0.0
0.25 -0.013889782760597873 -0.6614098689750562 -0.5392739793182049 0.0 0.0 0.0
0.25 -0.23684622540744363 0.17024712510288206 0.7400461288209137 0.0 0.0 0.0
0.25 -0.14347514111870757 -0.46974391620002925 -0.30416266992151797 0.0 0.0 0.0
0.25 -0.09030188661426275 0.049878092836070205 0.7705257668949314 0.0 0.0 0.0
0.25 -0.32768984624453645 0.4322954439811216 -0.7969520005269106 0.0 0.0 0.0
0.25 -0.2353549247026726 -0.7724444502356369 -0.09371301220278598 0.0 0.0 0.0
0.25 -0.5697306970767974 0.32131945713765614 0.23166869706440865 0.0 0.0 0.0
0.25 0.3653984232895082 0.09842819260836794 -0.02001636217516638 0.0 0.0 0.0
0.25 -0.7070720278288087 0.7015172309724645 0.034669329629391135 0.0 0.0 0.0
0.25 0.7743364377140973 0.29531549247396727 -0.45311491270938403 0.0 0.0 0.0
0.25 -0.4404179368654947 0.7370643334101733 0.3528570222818682 0.0 0.0 0.0
0.25 0.4715961511448188 -0.03947222432547003 -0.7724653772889785 0.0 0.0 0.0
0.25 -0.34154583291791735 0.8156887292474977 0.1209461479829975 0.0 0.0 0.0
0.25 -0.20771254404464115 0.12073756718322728 -0.7484363710589124 0.0 0.0 0.0
0.25 -0.03415609110876975 -0.8411203581176193 0.28690347396856125 0.0 0.0 0.0
0.25 -0.29884228486424197 0.45087591773504265 -0.657727658154276 0.0 0.0 0.0
0.25 -0.5089717014788053 0.6804403570051307 -0.396067096298798 0.0 0.0 0.0
0.25 -0.7155362182701208 0.5363671340895141 0.30779101643472645 0.0 0.0 0.0
0.25 0.3848216192966514 0.16090455354598193 -0.17337152229021663 0.0 0.0 0.0
0.25 -0.27970243143844 0.34211078357011976 -0.10664089455529135 0.0 0.0 0.0
0.25 -0.6393869429515913 0.33468436669970547 0.2491032999409113 0.0 0.0 0.0
0.25 0.5070593934327416 0.130026416840153 0.6443814066988834 0.0 0.0 0.0
0.25 -0.6809573356514559 -0.12033154930957644 -0.60769550775392 0.0 0.0 0.0
0.25 -0.227161572519649 0.3449114121017003 0.6867388843041826 0.0 0.0 0.0
0.25 -0.0011783565868746125 -0.10269955606333889 -0.06187093885462113 0.0 0.0 0.0
0.25 0.3424093525124046 -0.41583822227815964 -0.5612643717333117 0.0 0.0 0.0
0.25 0.5049965036126622 0.17377208236874042 0.621112123624637 0.0 0.0 0.0
0.25 0.35082003625735697 -0.24302035608231687 -0.047360775398334394 0.0 0.0 0.0
0.25 0.5767067976764368 -0.3602399369143383 -0.45285994043312006 0.0 0.0 0.0
0.25 0.249195224060391 -0.15114738125446445 -0.09342044575207296 0.0 0.0 0.0
0.25 0.6031913360986138 -0.06248538434989338 0.42015739688502923 0.0 0.0 0.0
0.25 0.011818115446882368 0.33662890068652157 0.16162006958042147 0.0 0.0 0.0
0.25 -0.11489888715979299 -0.1462035692515256 -0.9197657227113888 0.0 0.0 0.0
0.25 -0.4092899381077129 0.6901474068439651 -0.053173378430399605 0.0 0.0 0.0
0.25 0.12005795859666017 -0.5839722258280238 -0.336383118509506 0.0 0.0 0.0
0.25 0.40808891161804894 0.07019480554945143 0.7708133072684629 0.0 0.0 0.0
0.25 0.0195131229979826 -0.629501600231487 0.2125154167993629 0.0 0.0 0.0
0.25 -0.7332084015960679 -0.26626630063987855 0.5328706769186359 0.0 0.0 0.0
0.25 0.11683327770263734 0.007651195324858555 0.41420845768009956 0.0 0.0 0.0
0.25 0.7106399274650134 0.20675532684793277 0.4839198460777898 0.0 0.0 0.0
0.25 -0.5567568484596113 0.4304891312818251 0.47697555896389754 0.0 0.0 0.0
0.25 0.5918838725549765 -0.2474889703065391 -0.5213686155573027 0.0 0.0 0.0
0.25 0.19304819639511597 0.27379481286903934 -0.6686051662546687 0.0 0.0 0.0
0.25 -0.17178771295471973 -0.11314936921011334 0.14078186334711448 0.0 0.0 0.0
0.25 -0.5916048097351752 0.5524040624540996 -0.18951145239127606 0.0 0.0 0.0
0.25 0.18573058303313453 -0.3451353509452605 0.2856055226327146 0.0 0.0 0.0
0.25 -0.4383039040239826 0.40808956720363887 0.07658704373989392 0.0 0.0 0.0
0.25 0.9072452868228733 -0.2543328976723675 -0.31205615495652106 0.0 0.0 0.0
0.25 0.2566471515401413 -0.32590732935864125 0.4418086416743658 0.0 0.0 0.0
0.25 -0.5723391780936523 0.0331820455941469 -0.2120051778346061 0.0 0.0 0.0
0.25 0.8134475388661335 -0.42603704950063304 -0.2677576063766748 0.0 0.0 0.0
0.25 -0.23099303388424827 -0.5751315487527335 0.5992025826286405 0.0 0.0 0.0
0.25 0.1341849925591921 -0.9185747519987718 0.23447499278679562 0.0 0.0 0.0
0.25 -0.18348747040856286 0.36176439733135946 0.7872780952164846 0.0 0.0 0.0
0.25 -0.24840563337954205 -0.3913994329113931 0.3931610568083792 0.0 0.0 0.0
0.25 0.11687134275768882 0.9458158867191501 -0.28681510831539686 0.0 0.0 0.0
0.25 -0.3220500028944679 -0.053074528298962725 0.9304547748203557 0.0 0.0 0.0
0.25 -0.6500946952467842 0.505688541774555 0.09482681817093862 0.0 0.0 0.0
0.25 0.07003130375736674 0.06621294587405449 0.00834118984947884 0.0 0.0 0.0
0.25 0.5371179857660554 0.39194798976842105 0.14770308874683796 0.0 0.0 0.0
0.25 -0.06176545923392717 -0.06831727119577971 -0.03791939246252053 0.0 0.0 0.0
0.25 0.10546432388898527 -0.054510482197492036 -0.046270280376198986 0.0 0.0 0.0
0.25 0.500308013969967 -0.27299127390032385 0.7008249393454735 0.0 0.0 0.0
0.25 0.15280641034943543 0.33367821673193226 0.8495841778300525 0.0 0.0 0.0
0.25 -0.8058968838427376 -0.09791772128668481 0.49248425022293457 0.0 0.0 0.0
0.25 -0.05645359493212814 -0.7689292120765834 0.49339169412880446 0.0 0.0 0.0
0.25 0.26223967820430266 -0.21023876916108955 -0.2527408514316441 0.0 0.0 0.0
0.25 -0.22880408267780178 0.21945959345900143 -0.28842021739750445 0.0 0.0 0.0
