200
0
0.75 0.6872519118736358 -0.42867594011162624 -0.16278338645286297 0.0 0.0 0.0
0.75 0.5681722686230347 -0.6341297034959117 0.3005308462739259 0.0 0.0 0.0
0.75 -0.021621796518545074 -0.5961355185418379 -0.03657475098267977 0.0 0.0 0.0
0.75 -0.139840703661039 -0.9543889474218444 -0.1431218074534338 0.0 0.0 0.0
0.75 -0.4266777013589267 -0.4069956933862852 0.21876796984664035 0.0 0.0 0.0
0.75 0.5043218198069401 -0.022460057626826756 -0.3308086247712 0.0 0.0 0.0
0.75 -0.6056960833181991 0.11840390589994948 -0.10883618081777101 0.0 0.0 0.0
0.75 -0.5119637061039295 0.09529406177875833 -0.2192476232869442 0.0 0.0 0.0
0.75 0.5512118140824199 0.1408320486442017 0.7071873218556816 0.0 0.0 0.0
0.75 -0.034475129657127325 0.41759031572815186 -0.3876487671343769 0.0 0.0 0.0
0.75 -0.898207233218919 -0.12914268853725555 0.35527741785516004 0.0 0.0 0.0
0.75 -0.5717597114584715 -0.10743571122695177 0.624637805086206 0.0 0.0 0.0
0.75 0.7344474794621704 -0.38495826075301975 -0.23256302161190118 0.0 0.0 0.0
0.75 0.04428035485866591 -0.32720276793993386 -0.3043773746024542 0.0 0.0 0.0
0.75 -0.4772749531676158 -0.03506409639805792 0.5011835477854268 0.0 0.0 0.0
0.75 0.14458111810952076 -0.5261201364967483 -0.8079571272254995 0.0 0.0 0.0
0.75 -0.5279522719672806 -0.19937423144103777 0.5413736384686925 0.0 0.0 0.0
0.75 -0.6129263339577008 -0.11987277003308155 0.4740072094774379 0.0 0.0 0.0
0.75 0.4353646086325754 -0.3113221759633987 -0.5705575065767226 0.0 0.0 0.0
0.75 0.2200452185634008 0.8610812080017081 0.125458378053539 0.0 0.0 0.0
0.75 -0.8494065267047084 -0.40997874682003227 0.16772858114079647 0.0 0.0 0.0
0.75 -0.5026736220475327 0.4939242979401623 0.5770198403856707 0.0 0.0 0.0
0.75 0.4210298583637365 -0.22220710484939982 -0.20723295483618132 0.0 0.0 0.0
0.75 0.4890175401438846 0.01939154278892013 -0.7253099584080783 0.0 0.0 0.0
0.75 0.25662204124234544 0.3185021401538569 0.7917760653972946 0.0 0.0 0.0
0.75 -0.028089766570232832 -0.2993254047654613 -0.40062716269687576 0.0 0.0 0.0
0.75 0.4093658056802502 -0.4303129582515781 -0.45788637134269417 0.0 0.0 0.0
0.75 -0.07554602296401805 -0.8909956872230739 -0.05429819289524856 0.0 0.0 0.0
0.75 0.34215945998957886 -0.4031071687664671 -0.054000230659600655 0.0 0.0 0.0
0.75 0.26859026520197726 0.13930238546954024 0.1838110357729496 0.0 0.0 0.0
0.75 -0.07162727364909342 -0.16651443283638628 0.13155271554728887 0.0 0.0 0.0
0.75 0.2361819587324172 0.2966893280434138 0.8204342495108483 0.0 0.0 0.0
0.75 -0.047830394675247925 0.1638663002649586 -0.7627218960129944 0.0 0.0 0.0
0.75 0.12619782616727057 0.5171126114315893 -0.6972244215850206 0.0 0.0 0.0
0.75 -0.1387229247787948 -0.3734867556588953 -0.5193057040294431 0.0 0.0 0.0
0.75 -0.5238241822719979 -0.2547919791058779 0.41736195118763286 0.0 0.0 0.0
0.75 -0.2779059933868751 -0.2392485838022629 -0.744193966388863 0.0 0.0 0.0
0.75 -0.4574426768307051 0.3313981924734093 -0.5562485544582343 0.0 0.0 0.0
0.75 0.19910824945162298 0.3982199301542237 -0.3364577506455235 0.0 0.0 0.0
0.75 0.19547538400671408 -0.23751934934495977 -0.5217456220874964 0.0 0.0 0.0
0.75 -0.17306027978000632 -0.17848384404645046 -0.8535152043742846 0.0 0.0 0.0
0.75 -0.445157037617765 0.6597298824945993 0.0021753467219765422 0.0 0.0 0.0
0.75 -0.4752816764753337 -0.3233175502051372 -0.7458910049467761 0.0 0.0 0.0
0.75 -0.09225609103087556 -0.1133167713143513 -0.922484927959473 0.0 0.0 0.0
0.75 0.43988342478994386 0.47105628373269043 -0.43469754115584225 0.0 0.0 0.0
0.75 -0.012839248458647852 -0.6643178119098077 -0.03171421377662026 0.0 0.0 0.0
0.75 0.5827633069160713 0.02886774504240642 -0.43485653445594336 0.0 0.0 0.0
0.75 0.4136505037825686 -0.007163132446743571 0.47026194553865225 0.0 0.0 0.0
0.75 -0.7945099819766908 -0.35361156379257447 0.05765272405866599 0.0 0.0 0.0
0.75 -0.13708792780176 -0.032800061345705 0.6077540688421839 0.0 0.0 0.0
0.75 -0.2069978927365411 -0.49073484058998335 -0.08887405853491886 0.0 0.0 0.0
0.75 0.6167455892325421 -0.435213684419514 0.19358692910692274 0.0 0.0 0.0
0.75 -0.3035251786156067 0.1892294268035042 0.5860000240003259 0.0 0.0 0.0
0.75 0.19983819955758414 -0.590732855868357 0.4929744237237164 0.0 0.0 0.0
0.75 -0.5172112977413561 -0.07967717884039029 0.6958192534295834 0.0 0.0 0.0
0.75 -0.31298280089930947 0.8929335611505903 0.01587088019162848 0.0 0.0 0.0
0.75 -0.25726555468132317 0.6097779454751022 0.29859557921752755 0.0 0.0 0.0
0.75 -0.7685573537355092 0.038829967228231864 -0.3266566615357228 0.0 0.0 0.0
0.75 -0.464562915008012 -0.5415067707324628 -0.2093001152738936 0.0 0.0 0.0
0.75 -0.3906167133096142 -0.6329851300697095 -0.6158478359901655 0.0 0.0 0.0
0.75 0.10616947744081982 -0.11062419585440826 -0.22726812221214568 0.0 0.0 0.0
0.75 0.11945708196208915 -0.8487310276869209 0.43683618801765123 0.0 0.0 0.0
0.75 -0.4935629315699844 -0.6812638913546887 0.3583051293257172 0.0 0.0 0.0
0.75 0.48475019432959837 0.23650886711667682 -0.6782419694140768 0.0 0.0 0.0
0.75 0.8478821887721434 -0.05014138589010859 -0.15539243633834854 0.0 0.0 0.0
0.75 0.40335069356227343 -0.6168246293001706 -0.21905745699946058 0.0 0.0 0.0
0.75 -0.3059645908389228 -0.5157642128665942 -0.2574279144880192 0.0 0.0 0.0
0.75 0.26269098723986056 0.04924149718451511 0.33030423246466123 0.0 0.0 0.0
0.75 0.5381098751207571 -0.08892138451404888 0.693757380238777 0.0 0.0 0.0
0.75 -0.7459608920785273 0.13200144345244808 -0.4160661360136498 0.0 0.0 0.0
0.75 0.2599133136886151 -0.3027194003024458 -0.9068497998198816 0.0 0.0 0.0
0.75 0.11254435549274572 -0.8281754702205142 -0.2139614920173821 0.0 0.0 0.0
0.75 -0.25320084092052797 0.1438096431804225 -0.1798539024840759 0.0 0.0 0.0
0.75 -0.1982867134278602 -0.21742248748043386 -0.47767980404636995 0.0 0.0 0.0
0.75 -0.17741388361924826 0.13300128365298203 -0.6545442869215155 0.0 0.0 0.0
0.75 -0.7609536615099111 -0.07469432747044577 -0.4323794307674434 0.0 0.0 0.0
0.75 -0.18086740810944038 0.015640511529193244 0.00850432198438637 0.0 0.0 0.0
0.75 -0.5525868391886714 0.49187502570624525 -0.6269777770459358 0.0 0.0 0.0
0.75 -0.1501095307623718 -0.28904799153918276 0.1789530488474084 0.0 0.0 0.0
0.75 0.4420739497312897 0.16389774962013834 -0.8072638331866275 0.0 0.0 0.0
0.75 0.23907050870516347 0.14306986420988088 -0.1558800836555529 0.0 0.0 0.0
0.75 0.060230988821838256 -0.1798793122037998 -0.6749686704372612 0.0 0.0 0.0
0.75 0.4219617232771535 0.3164478858225765 0.8031888625778395 0.0 0.0 0.0
0.75 0.518570031647248 0.18501228687940213 0.6167077394533406 0.0 0.0 0.0
0.75 0.8886062198794189 0.36405822209704375 -0.25242023718579454 0.0 0.0 0.0
0.75 0.5665367115452429 0.018847717701550866 0.3469694862956249 0.0 0.0 0.0
0.75 0.3729252758892171 0.538184195293177 -0.6108080790540847 0.0 0.0 0.0
0.75 -0.5692833375432429 -0.65301903600437 -0.37183011663564364 0.0 0.0 0.0
0.75 0.8458892750281677 -0.2250994062375579 0.3540544416860128 0.0 0.0 0.0
0.75 -0.676295868419941 0.6780255344315225 -0.09034806712238817 0.0 0.0 0.0
0.75 -0.26205533927075897 -0.3859531791297761 -0.18748888311730758 0.0 0.0 0.0
0.75 -0.027691141559030328 -0.5023951941319763 0.09910136966618165 0.0 0.0 0.0
0.75 -0.09464849945637216 -0.6504755252310329 0.23112117098313206 0.0 0.0 0.0
0.75 -0.5152812277891079 -0.39296666305951095 0.5782111920713242 0.0 0.0 0.0
0.75 0.657235840006988 0.693292388898416 0.2921607429710265 0.0 0.0 0.0
0.75 0.45985012146806037 -0.2766201267461547 0.34153879379386876 0.0 0.0 0.0
0.75 -0.1322520974583317 -0.727592263013293 0.2612890144509611 0.0 0.0 0.0
0.75 -0.1654439675582717 -0.1361656809771312 0.04109855644051097 0.0 0.0 0.0
0.75 -0.26599669752066724 -0.463596706182369 0.5563869346868509 0.0 0.0 0.0
0.75 0.3720157414106191 0.8831487970782825 0.09726544835919547 0.0 0.0 0.0
0.75 -0.587399098618373 0.6519636899310367 -0.0687854182391699 0.0 0.0 0.0
0.75 -0.03884451329972636 -0.7380806108738468 -0.3031092583137238 0.0 0.0 0.0
0.75 -0.13465392006429688 -0.019644230037111778 0.9192773926057579 0.0 0.0 0.0
0.75 -0.5234859966500349 0.8053420192591944 -0.14660205099351603 0.0 0.0 0.0
0.75 0.22034545429248312 -0.3195014046227945 -0.08710277221762219 0.0 0.0 0.0
0.75 -0.46840861954607377 -0.39069109051382295 0.23449867747240447 0.0 0.0 0.0
0.75 -0.5462336367656189 0.7283777042270259 0.18096381110448828 0.0 0.0 0.0
0.75 0.38614019716740516 0.329666720568494 -0.650273452277774 0.0 0.0 0.0
0.75 -0.2932320790495413 -0.9045307037354701 0.2634296424885329 0.0 0.0 0.0
0.75 -0.19360572713927843 -0.14879812317753754 -0.14969523051322395 0.0 0.0 0.0
0.75 0.6477528459242786 -0.701020529317315 -0.22677414499047555 0.0 0.0 0.0
0.75 0.15426911617949193 0.28990149205662785 -0.7240716211769702 0.0 0.0 0.0
0.75 -0.5801178092104428 -0.5287430714603325 -0.3096877156104162 0.0 0.0 0.0
0.75 0.43704956406952095 -0.19541805005110674 0.0708016648417416 0.0 0.0 0.0
0.75 0.4213069410803755 0.6999691261478301 -0.053102546061341065 0.0 0.0 0.0
0.75 0.04613610100590945 -0.2002970679833159 0.43683845359042117 0.0 0.0 0.0
0.75 0.05448365934783603 0.11207026232827948 0.6787773686925078 0.0 0.0 0.0
0.75 -0.6054902424477849 0.6294734430146753 -0.0829407605945394 0.0 0.0 0.0
0.75 -0.3526948643751059 0.3238736339562462 0.10615056124279111 0.0 0.0 0.0
0.75 -0.10769472342198105 -0.6228035409448099 0.4914307424367691 0.0 0.0 0.0
0.75 -0.6240485040263485 -0.05861111803305195 -0.5515768701615468 0.0 0.0 0.0
0.75 0.8047142936338334 0.28397936621666725 0.02942103854074425 0.0 0.0 0.0
0.75 0.665167015581349 0.30500035225891503 0.5476020454389146 0.0 0.0 0.0
0.75 0.16768628407795796 -0.33696168378813396 0.17201289828673144 0.0 0.0 0.0
0.75 -0.18870287728103038 0.2509498055116716 -0.27823724443214076 0.0 0.0 0.0
0.75 0.08693456184742444 -0.1797053593744391 -0.5589705662201323 0.0 0.0 0.0
0.75 -0.2771151416354856 -0.3372625402506716 0.7739629322639467 0.0 0.0 0.0
0.75 0.34255744458647636 0.10991338660682004 0.032859085635888644 0.0 0.0 0.0
0.75 -0.2285397674100114 -0.6806701089089593 0.6035894104658927 0.0 0.0 0.0
0.75 0.23258049745782483 -0.009139928981775128 -0.3108430502643666 0.0 0.0 0.0
0.75 -0.6010894662321348 -0.1605872462555535 0.551647666129966 0.0 0.0 0.0
0.75 -0.42740962671279453 0.27715986187034225 0.5516719833109522 0.0 0.0 0.0
0.75 -0.4698740042421542 -0.12697576367210126 -0.217487079167098 0.0 0.0 0.0
0.75 -0.8373805194932892 0.45262588769944895 -0.07636170283976484 0.0 0.0 0.0
0.75 0.039460652347783 -0.09448461308431032 -0.9332880953190376 0.0 0.0 0.0
0.75 0.39006631210093107 0.39002724047085974 0.27686290045167555 0.0 0.0 0.0
0.75 -0.6339922932853185 -0.31551694846279077 0.6395581454769842 0.0 0.0 0.0
0.75 -0.5286700357466684 -0.34038438691169276 -0.1285006830415074 0.0 0.0 0.0
0.75 0.35802275748459894 0.34690107602170694 0.5695759796867291 0.0 0.0 0.0
0.75 0.71517982272932 0.08430930060346718 0.6881874698578662 0.0 0.0 0.0
0.75 -0.07827418042830515 -0.5403405122409541 0.6170244527855576 0.0 0.0 0.0
0.75 -0.2069803851925715 -0.3893526108152763 -0.5159439148671837 0.0 0.0 0.0
0.75 0.4107024945677425 0.7417337782732446 0.41098794332480176 0.0 0.0 0.0
0.75 -0.37535420830432664 -0.27172590407446306 0.09409259241181683 0.0 0.0 0.0
0.75 -0.0639496417484739 -0.18650544971224958 0.5782444020245363 0.0 0.0 0.0
0.75 0.3202142851658856 0.32837278379651386 -0.6942217502436543 0.0 0.0 0.0
0.75 -0.9160924281451158 -0.20232871151452417 -0.16178443783057536 0.0 0.0 0.0
0.75 -0.2187419603564677 0.11823192682186373 -0.3639985354752759 0.0 0.0 0.0
0.75 0.9166686251769928 0.1146646845392752 0.04631805551157301 0.0 0.0 0.0
0.75 0.759989511630789 -0.21760627359239643 0.332263039936646 0.0 0.0 0.0
0.75 0.6177764494827788 0.4510390918350305 -0.6214237547793079 0.0 0.0 0.0
0.75 -0.1313557166287394 0.9439297377253503 0.12326565963697972 0.0 0.0 0.0
0.75 -0.38027823083728945 -0.17222023319012625 -0.3703347677887698 0.0 0.0 0.0
0.75 0.22668641602859402 0.36846765523943387 -0.15168752370952826 0.0 0.0 0.0
0.75 0.40891268880949383 0.06967446900707427 -0.6306583077254049 0.0 0.0 0.0
0.75 -0.08562617502691773 -0.3970488824393309 -0.3271041512191462 0.0 0.0 0.0
0.75 -0.10012253592658281 0.809845660476533 0.4663883725962213 0.0 0.0 0.0
0.75 -0.27128256866384515 -0.8486664085989144 0.3780985629502059 0.0 0.0 0.0
0.75 -0.43474545035976353 -0.011893154668015915 0.6237594629241314 0.0 0.0 0.0
0.75 0.09765605241583376 -0.7058370471499468 0.30296389081929154 0.0 0.0 0.0
0.75 0.3501353275380423 -0.2153219980076885 0.7592374629330229 0.0 0.0 0.0
0.75 0.10374575977527578 0.7647053152172212 -0.14022180959087038 0.0 0.0 0.0
0.75 0.18332206413473542 -0.9522506301408256 0.1206935525376482 0.0 0.0 0.0
0.75 -0.035936289177660084 -0.739382841692311 0.3056238859890171 0.0 0.0 0.0
0.75 -0.052584256436978644 -0.9373695791937995 -0.04660136532477018 0.0 0.0 0.0
0.75 0.857302985473638 0.05160561835741683 -0.4214791193980852 0.0 0.0 0.0
0.75 -0.4623270466987715 0.37874185978803887 0.7627320597307494 0.0 0.0 0.0
0.75 0.7995191605586115 -0.5463408744097198 0.1682907394950218 0.0 0.0 0.0
0.75 0.09686160491193015 -0.7977602862844667 -0.22743543993938514 0.0 0.0 0.0
0.75 -0.7241925583836951 0.2090521364352395 -0.48421374503772513 0.0 0.0 0.0
0.75 0.8687602896402485 -0.2250062553716325 -0.1870427631195227 0.0 0.0 0.0
0.75 0.38629442267415576 0.1901149689837965 -0.26946470075783174 0.0 0.0 0.0
0.75 -0.40275611108449194 -0.7590028040165362 0.4770872874297038 0.0 0.0 0.0
0.75 -0.39856957528541875 0.335258711874969 -0.3227844079070333 0.0 0.0 0.0
0.75 0.11246340663656969 0.03553114095161183 0.3041126760690801 0.0 0.0 0.0
0.75 0.4433430946299414 0.23471714099020013 -0.8354065066831549 0.0 0.0 0.0
0.75 -0.5392005295173617 0.6440325598301705 0.3104697539617591 0.0 0.0 0.0
0.75 0.5130074357959153 -0.7620389229502633 0.31516745411335995 0.0 0.0 0.0
0.75 0.47932475598856744 0.027583142045039383 -0.2421739585506847 0.0 0.0 0.0
0.75 -0.06491053871740053 0.11060679774043528 -0.6896602640200236 0.0 0.0 0.0
0.75 0.591256021941519 0.745276530677255 -0.26722075797199313 0.0 0.0 0.0
0.75 -0.112176782619708 0.30699551642400147 0.8329075693073685 0.0 0.0 0.0
0.75 -0.28436796825925753 0.04374266027708328 -0.1604785756558413 0.0 0.0 0.0
0.75 -0.42900557948900786 -0.47830699719619457 -0.3444163683700334 0.0 0.0 0.0
0.75 0.4840276529986481 0.7032360526670344 0.2902986578188874 0.0 0.0 0.0
0.75 0.5923285569733773 -0.6954791138724766 -0.05714047952756709 0.0 0.0 0.0
0.75 -0.20811698888026706 0.3077421932681441 -0.7669669152101136 0.0 0.0 0.0
0.75 -0.298066248402274 0.7863672965827845 0.16214835224878543 0.0 0.0 0.0
0.75 0.023221924428179275 -0.19399801049737692 0.46333093877000536 0.0 0.0 0.0
0.75 -0.10564048501953763 -0.6691094565859871 0.011598521009894811 0.0 0.0 0.0
0.75 -0.0577824231666409 0.01810524530228831 -0.20559520854819388 0.0 0.0 0.0
0.75 -0.19856571108017454 -0.7061492791238791 -0.5797722532499987 0.0 0.0 0.0
0.75 0.8062900472977645 -0.12089560487217861 0.3071191305291294 0.0 0.0 0.0
0.75 -0.14544730441493953 0.17522724865042916 0.12421350970413417 0.0 0.0 0.0
0.75 0.17421332347685084 -0.5794544446291557 0.21468824755914864 0.0 0.0 0.0
0.75 -0.2765709715158802 0.4545733808461428 0.6267097159659831 0.0 0.0 0.0
0.75 0.7829119706441033 -0.20178621199158936 0.5811264896423808 0.0 0.0 0.0
0.75 0.3018990652439789 0.44882776013260933 -0.40011136282085685 0.0 0.0 0.0
0.75 -0.09688949821261764 0.32212474543812797 0.8347266689215129 0.0 0.0 0.0
0.75 0.22375216849555854 0.5965991652557092 -0.4309571789400696 0.0 0.0 0.0
