200
0
0.5 3.517372957691298 -1.013280805926794 2.837002089994075 0.0 0.0 0.0
0.5 1.9407286589346393 1.4298613310070332 1.7930622336596103 0.0 0.0 0.0
0.5 0.029918621253456908 4.844261063653416 0.624273651587363 0.0 0.0 0.0
0.5 -0.9837653072618241 -3.4408369189989263 1.8319485767204913 0.0 0.0 0.0
0.5 -2.2760210443741653 1.5149641371766147 2.4060365726740454 0.0 0.0 0.0
0.5 0.9581402297766646 -1.9696432165488809 -0.9440390212857166 0.0 0.0 0.0
0.5 -2.404416686858508 -3.4980471265482085 -0.1430150311666204 0.0 0.0 0.0
0.5 -4.098198650681674 -0.043536808633860904 0.22965273698196356 0.0 0.0 0.0
0.5 3.0151554731585026 1.6757001069840216 -1.3213302903705 0.0 0.0 0.0
0.5 -1.8376134282726946 2.9007594233973117 -2.219103691349469 0.0 0.0 0.0
0.5 -2.8280311011486 -0.4893912802876939 0.8872924582478149 0.0 0.0 0.0
0.5 1.1184422491715136 -2.239143065229147 -3.1222763407640213 0.0 0.0 0.0
0.5 -0.859183790872095 2.8174155078684238 2.1502587512636175 0.0 0.0 0.0
0.5 -0.12817497745696235 -3.2251444433971983 0.5480640652383517 0.0 0.0 0.0
0.5 -2.8517884969921856 -0.22291122697304563 -1.0996534152605124 0.0 0.0 0.0
0.5 2.8684799634471934 -3.6634493773211334 0.17939403831850612 0.0 0.0 0.0
0.5 1.8054884895401095 -2.400535476330395 3.8841435672104145 0.0 0.0 0.0
0.5 -0.8157880817854924 1.5987022001623392 0.5124840348071024 0.0 0.0 0.0
0.5 -1.7713486496758082 0.06759596435986769 -4.118162480163121 0.0 0.0 0.0
0.5 2.3800216776567495 -2.3533520085453423 0.606994257392031 0.0 0.0 0.0
0.5 2.7510189518688843 -0.8003562027276717 -0.6094876633413998 0.0 0.0 0.0
0.5 2.5663143416653806 2.226182222026107 -1.852876967423493 0.0 0.0 0.0
0.5 -1.959975748025251 -2.3076300282422206 -3.609588310664654 0.0 0.0 0.0
0.5 -3.445811219857932 -0.3249686795728294 0.07661603647345129 0.0 0.0 0.0
0.5 -0.9428844915673542 1.2349689095101195 4.218873994497884 0.0 0.0 0.0
0.5 3.2179286084557255 1.216872494394694 0.3317644277019951 0.0 0.0 0.0
0.5 0.6194032268920835 -4.765019198373677 0.34333638928415344 0.0 0.0 0.0
0.5 1.3375320173874927 1.2843402882935906 3.8307705957485596 0.0 0.0 0.0
0.5 -1.9733361006432888 -1.7035826915965668 -0.20352749531516656 0.0 0.0 0.0
0.5 2.3755867988294246 1.162719693239224 1.017800946773562 0.0 0.0 0.0
0.5 -2.8030486513692088 4.011743791303966 -0.7472089557500649 0.0 0.0 0.0
0.5 0.4529074264978198 -2.5383101906899714 -2.4537837865786125 0.0 0.0 0.0
0.5 0.8913552102621355 1.6019871719133332 -1.0235967480661654 0.0 0.0 0.0
0.5 -2.3334136119832514 3.716464274233055 1.1514485132399161 0.0 0.0 0.0
0.5 1.3224486812064151 -3.2135606589386447 0.9046210228461787 0.0 0.0 0.0
0.5 0.4832271457388481 4.5790439492871515 1.5634856749096993 0.0 0.0 0.0
0.5 -4.023022281605504 1.5915238189380925 -1.5126425022224899 0.0 0.0 0.0
0.5 -1.577335822261378 -1.1375991878643998 1.1767006868125565 0.0 0.0 0.0
0.5 -2.330192473436895 -2.4460368877106697 -0.05969220245625392 0.0 0.0 0.0
0.5 2.1846058942290028 -1.531102510697631 -3.139561196043345 0.0 0.0 0.0
0.5 3.094747050141077 -0.8470068250886248 3.8231966595835165 0.0 0.0 0.0
0.5 -3.443379431011129 -1.9903280793792746 2.421332314473761 0.0 0.0 0.0
0.5 -0.375494148725391 0.8831332651975516 0.294022851948319 0.0 0.0 0.0
0.5 2.0024545122809445 -1.6936748183202879 -1.5541994895702171 0.0 0.0 0.0
0.5 -1.7111201771498532 -1.8602327236852847 -0.3179216450492313 0.0 0.0 0.0
0.5 2.8126510176006505 0.38893871614627695 2.6504996472830125 0.0 0.0 0.0
0.5 -2.9050751900369924 3.62899451586524 1.8042396733290444 0.0 0.0 0.0
0.5 -3.774488233076337 -0.29401951462964987 2.4271450399535306 0.0 0.0 0.0
0.5 -3.2384333617693914 2.7272229591502586 -1.4974447037860599 0.0 0.0 0.0
0.5 -0.2708661687650533 -0.4711436217510509 1.5738674250543565 0.0 0.0 0.0
0.5 1.0658856255151092 -4.095559492581732 0.8446510378508086 0.0 0.0 0.0
0.5 -1.3238273741115119 -3.6466697920025064 -1.637943096273905 0.0 0.0 0.0
0.5 -2.502931688536908 3.2721523017524268 -1.9115175318806727 0.0 0.0 0.0
0.5 0.5100105209442757 1.7793237548625205 0.22039434907327313 0.0 0.0 0.0
0.5 -0.028758455060816524 -2.1902682580239903 3.026479059973023 0.0 0.0 0.0
0.5 -1.5858146158839297 -3.473727270099108 2.1477633889391234 0.0 0.0 0.0
0.5 0.8736380464619942 -1.868683427505395 -2.959888824618809 0.0 0.0 0.0
0.5 3.4927350249020224 -1.0785504287856267 2.718316739884878 0.0 0.0 0.0
0.5 -2.431029435395364 0.574502670398262 3.592208728588703 0.0 0.0 0.0
0.5 -1.1392667539621357 -0.6313785290300095 -2.352518984393535 0.0 0.0 0.0
0.5 4.4424129926490314 0.5310337052881772 1.0841179490894355 0.0 0.0 0.0
0.5 3.3888102323747216 2.9839995784069187 -1.9190024819846794 0.0 0.0 0.0
0.5 -1.8105030825157677 -1.3157524747757965 3.261251607884974 0.0 0.0 0.0
0.5 1.1730940400350491 -3.1467671133515913 2.964557195187222 0.0 0.0 0.0
0.5 0.8224141881054667 -0.5029866442572714 -2.387336831589991 0.0 0.0 0.0
0.5 3.3978648805132954 -0.5175504910863467 -0.09134826261568295 0.0 0.0 0.0
0.5 3.264372716426661 2.160789532523565 -2.2917389474265253 0.0 0.0 0.0
0.5 1.1578613469172165 1.5219419078959955 0.29194046777139165 0.0 0.0 0.0
0.5 -1.754852455058138 -1.6356702551113296 1.954356528234187 0.0 0.0 0.0
0.5 -1.4450248456540369 4.325643875425101 1.5606017358707944 0.0 0.0 0.0
0.5 -0.6168829389078652 -2.6834753851409663 1.8661106627807067 0.0 0.0 0.0
0.5 -1.8803584522116192 1.6141792205100896 0.777148092473608 0.0 0.0 0.0
0.5 -3.9124586303652134 -0.04730496575768057 0.7566923700501602 0.0 0.0 0.0
0.5 -1.8833228218486007 2.3256535123883575 1.352406473826256 0.0 0.0 0.0
0.5 3.656857210786391 -1.127983391945694 -2.0975630794039954 0.0 0.0 0.0
0.5 -0.4278681293926359 0.08087964795469683 1.6859419584209945 0.0 0.0 0.0
0.5 -0.124111692068025 0.5299497313024443 -1.1571379105609993 0.0 0.0 0.0
0.5 0.15356281995481616 -4.727980283684586 -1.5513826483970892 0.0 0.0 0.0
0.5 3.031905613284605 -1.8977313363373292 2.710736135956687 0.0 0.0 0.0
0.5 -0.8109573430551004 -1.0543139837898308 -1.4558814145670647 0.0 0.0 0.0
0.5 3.1322135224701317 1.4126682864423188 -0.8799654700352585 0.0 0.0 0.0
0.5 -2.11716178553191 -1.745024235331061 -2.0946524873566617 0.0 0.0 0.0
0.5 0.1263638979840315 -1.418892524451846 4.212619296286492 0.0 0.0 0.0
0.5 -0.062396533730873616 -1.7815625231037964 -3.7210465262721986 0.0 0.0 0.0
0.5 -2.900562459034459 -2.490270229101586 0.049128061688950314 0.0 0.0 0.0
0.5 0.6950193581299606 -1.2498681868311297 4.295811600560007 0.0 0.0 0.0
0.5 1.5701950063679098 -0.3180467361832859 3.400430804943918 0.0 0.0 0.0
0.5 -0.9358544504330465 0.6607501408175562 -3.2325610295848635 0.0 0.0 0.0
0.5 2.441528258257279 0.22289409638308053 -1.945638701572179 0.0 0.0 0.0
0.5 0.5019229197767339 1.7704018091956248 0.4399384612995545 0.0 0.0 0.0
0.5 -0.6079118714193837 0.4359036836081532 -2.6355222194427586 0.0 0.0 0.0
0.5 0.6106290078596124 -1.0162131326757424 -1.6289789909627528 0.0 0.0 0.0
0.5 3.8653901969432383 2.0412840898166054 2.4202780863268405 0.0 0.0 0.0
0.5 -2.539521644768996 -3.766368175146909 1.0511603720119638 0.0 0.0 0.0
0.5 0.2714882891989026 3.4642519900931377 -0.9017375134490285 0.0 0.0 0.0
0.5 0.2101197389846308 3.522133965949208 -0.8760211320215734 0.0 0.0 0.0
0.5 -2.5589120254253466 -0.32735849040870846 3.3054585043547244 0.0 0.0 0.0
0.5 2.74224325432285 -2.29353014646392 -1.3148991830262804 0.0 0.0 0.0
0.5 1.0934776918806244 1.3777878173836235 3.391634781282525 0.0 0.0 0.0
0.5 -4.507231875015221 1.1304690374390152 1.372359692367558 0.0 0.0 0.0
0.5 -3.672203878344408 2.7344182650218967 0.42568539466567845 0.0 0.0 0.0
0.5 -3.786331148098312 1.4783007011664402 0.8252691654125689 0.0 0.0 0.0
0.5 0.099631829413951 -1.7066269896522681 0.8892138579590942 0.0 0.0 0.0
0.5 4.043278344913053 1.9296193267875386 0.6447663444918812 0.0 0.0 0.0
0.5 2.0584835993058914 -0.46692049660219576 -0.015221722753477064 0.0 0.0 0.0
0.5 -2.3893257778653427 1.5419022626615602 1.7803837244125198 0.0 0.0 0.0
0.5 1.0782289024818055 0.3087487245509454 -4.121824008506238 0.0 0.0 0.0
0.5 -0.7183574218474827 -4.567359879159782 -1.2383435421169728 0.0 0.0 0.0
0.5 1.5757311196175834 -2.4886396843258725 -4.004278682089617 0.0 0.0 0.0
0.5 0.6082605897858356 0.9381840528521305 2.7577391891529026 0.0 0.0 0.0
0.5 2.431990835853195 -2.0014420944608577 0.28456856679081066 0.0 0.0 0.0
0.5 -1.2996171849724456 3.194589766751661 2.144709111823259 0.0 0.0 0.0
0.5 1.71017260302975 -0.12316233543885743 3.7688558431608343 0.0 0.0 0.0
0.5 3.4149078142547644 -0.7075078242670908 1.6287461341102158 0.0 0.0 0.0
0.5 4.134397202667839 -1.5914261168688255 -1.5780041456725173 0.0 0.0 0.0
0.5 -0.13797338330133016 -1.3930090797518446 2.010779563329687 0.0 0.0 0.0
0.5 -3.0559913580100706 1.0060956414599362 3.6129297243613987 0.0 0.0 0.0
0.5 -3.813904931153775 -0.7431110129594339 -2.507059299655651 0.0 0.0 0.0
0.5 -0.23841801283200514 2.0237593794514193 0.5160642200784601 0.0 0.0 0.0
0.5 2.0442992842606786 -0.5685605131694921 -2.8964105544214873 0.0 0.0 0.0
0.5 -4.039445235517909 1.3711383865205373 1.2455222239116202 0.0 0.0 0.0
0.5 -0.03195583407334021 0.6502769068624703 -4.729969228483039 0.0 0.0 0.0
0.5 -1.6676472705364505 -0.1412405010163026 4.355521088364845 0.0 0.0 0.0
0.5 -0.04680708604658858 4.3056625661289365 1.5291783701663937 0.0 0.0 0.0
0.5 -3.6714351710313413 0.8020241650207854 -0.9612762211027812 0.0 0.0 0.0
0.5 -1.2145575299984008 1.0744688829876852 -0.7194872256422842 0.0 0.0 0.0
0.5 0.3516091446569479 -4.4943502298247 -1.872303901097569 0.0 0.0 0.0
0.5 1.927806736825365 -2.1100529342757866 3.0100271804809005 0.0 0.0 0.0
0.5 0.5114820347037856 1.3030300035652291 -1.9479899399739986 0.0 0.0 0.0
0.5 -1.6992379384265033 -0.5987199481217446 -4.375152942360086 0.0 0.0 0.0
0.5 2.209013098096117 1.537543508455792 -1.8329603969753414 0.0 0.0 0.0
0.5 -2.428595225866363 -2.164353288368724 3.2977639454018113 0.0 0.0 0.0
0.5 2.7552103225049707 0.2741913300512368 -0.6098297758330931 0.0 0.0 0.0
0.5 -1.1836351915281047 1.7594974957004705 0.5036288790949159 0.0 0.0 0.0
0.5 -2.9679147626272804 -1.2875620004873187 -0.26279248432922087 0.0 0.0 0.0
0.5 0.7477712019339297 -4.432505343751918 -0.6124891509291549 0.0 0.0 0.0
0.5 2.5032211129558126 2.49940371038199 -1.535149904173527 0.0 0.0 0.0
0.5 -1.6106960857356465 -1.5654702955251592 0.8795503236253734 0.0 0.0 0.0
0.5 1.181885687406646 2.6561786032229815 2.1761672278478086 0.0 0.0 0.0
0.5 4.108027851104413 -1.6875966605924912 -0.9106296827840392 0.0 0.0 0.0
0.5 3.087472624309093 -0.680502093559035 2.1950249530712878 0.0 0.0 0.0
0.5 -3.5652961259769222 -0.41250891212961033 -0.4656393058005479 0.0 0.0 0.0
0.5 -3.869375823112337 -1.5888945565149628 0.9168830331358809 0.0 0.0 0.0
0.5 -3.6641800861017675 0.7084532970762327 1.111715657673203 0.0 0.0 0.0
0.5 -1.9445777345880908 -2.470399886157839 1.5372976413885202 0.0 0.0 0.0
0.5 0.1198502483419553 2.9034205141697123 -1.9470432381695615 0.0 0.0 0.0
0.5 -1.7850741058833974 0.40264101464447405 0.26528692407092763 0.0 0.0 0.0
0.5 0.2310354941835752 4.425980215322783 0.8593243461203685 0.0 0.0 0.0
0.5 1.3643320888768429 -2.89021167100282 1.43169913245656 0.0 0.0 0.0
0.5 -0.9397612229684396 -2.457278147008675 4.107152761645301 0.0 0.0 0.0
0.5 -1.8551850864711448 -0.7820776882058413 -3.6993841724573926 0.0 0.0 0.0
0.5 2.9515504145611278 3.37348864945085 2.01612883214681 0.0 0.0 0.0
0.5 2.75099942642558 2.4447172779353843 -2.5464472068815946 0.0 0.0 0.0
0.5 2.8494864383381358 -0.995251854549976 2.5745428568661057 0.0 0.0 0.0
0.5 0.6300583790357857 2.9497412769323677 3.799966625078897 0.0 0.0 0.0
0.5 -2.225871299650513 -4.24145291521432 -0.5702429428409107 0.0 0.0 0.0
0.5 -1.9469208327425294 -1.0770295775250722 1.8561446247370303 0.0 0.0 0.0
0.5 3.910044632622574 1.1273182957771368 2.405668989651035 0.0 0.0 0.0
0.5 -3.4070918600028066 -2.034534910373021 -0.07184432978155732 0.0 0.0 0.0
0.5 2.112915363397621 -2.003421562079649 -3.6422701665036645 0.0 0.0 0.0
0.5 1.2626530158944693 3.729869832320876 0.7771544979112099 0.0 0.0 0.0
0.5 -3.191821854703443 -0.9228658424996282 -3.3484099227643824 0.0 0.0 0.0
0.5 2.021586984351693 4.398976838732306 -0.1726786651977895 0.0 0.0 0.0
0.5 2.000548296637795 -3.0596387195372414 2.7671720503895294 0.0 0.0 0.0
0.5 0.5018959483417821 1.769047433416524 2.0935279626293557 0.0 0.0 0.0
0.5 3.731408631533365 0.5423348563789451 -2.34158383110212 0.0 0.0 0.0
0.5 -3.581456523608783 0.19997978393533838 -1.1035207402234954 0.0 0.0 0.0
0.5 3.391774387754186 0.6592266113420191 0.7803752207664701 0.0 0.0 0.0
0.5 -3.702859349755092 -3.169054645736152 -0.7485696965473517 0.0 0.0 0.0
0.5 1.7463165360807664 0.8296650576698105 3.9485089053067677 0.0 0.0 0.0
0.5 -0.31449286596444515 -1.9844324641937903 -2.8825760357578316 0.0 0.0 0.0
0.5 2.11198352986842 0.5467400727829516 -3.150418866031305 0.0 0.0 0.0
0.5 -3.878541606638109 -0.7761267205599155 0.4863963373599503 0.0 0.0 0.0
0.5 -0.5855273282453959 -1.5973427265260314 -3.4545687154321914 0.0 0.0 0.0
0.5 -1.8479216023393108 3.056161550071885 3.1758212523240923 0.0 0.0 0.0
0.5 -3.887221606047295 -0.1260208083193837 -2.285527582007124 0.0 0.0 0.0
0.5 2.3742043590601276 -1.5701782329937604 3.050476531004382 0.0 0.0 0.0
0.5 -0.926707147993442 1.960931006062888 -0.20474736204324326 0.0 0.0 0.0
0.5 2.277747132283178 1.050266822658322 3.5462137913106955 0.0 0.0 0.0
0.5 2.2494887335924307 1.3469347168139578 4.068732382366875 0.0 0.0 0.0
0.5 -1.1347189428324522 -0.9376848152349374 -0.7533699929831885 0.0 0.0 0.0
0.5 -4.4411461905350915 0.6615890722620723 -0.10650478444782568 0.0 0.0 0.0
0.5 0.09313135849747411 2.4544431528575026 -2.4848278795494707 0.0 0.0 0.0
0.5 4.424992811425086 -1.355048002075408 -1.7998869102177253 0.0 0.0 0.0
0.5 1.966839678728116 -1.731918102668661 -2.052854892458779 0.0 0.0 0.0
0.5 3.277100133355076 -2.896985356718727 -1.2471814352421144 0.0 0.0 0.0
0.5 1.653394090363139 -3.4934867072851787 2.7322849098880635 0.0 0.0 0.0
0.5 -1.2300077278275876 -0.6230451221540001 0.06445305088315571 0.0 0.0 0.0
0.5 -3.9444865185915416 -2.2633487859605745 -0.5246979900742716 0.0 0.0 0.0
0.5 3.4944319629003293 -2.267997999231766 1.3387676341087051 0.0 0.0 0.0
0.5 2.377943377542806 4.236737915472018 -0.3013799787376604 0.0 0.0 0.0
0.5 -0.10861978902545678 4.114863816475662 -1.8114555651356201 0.0 0.0 0.0
0.5 0.6489257324211479 -3.306362778626764 1.787125719808925 0.0 0.0 0.0
0.5 1.7890781215602425 1.998979375444951 0.693381376802706 0.0 0.0 0.0
0.5 -1.4720198475979458 2.569261913211291 -0.6578796799040473 0.0 0.0 0.0
0.5 -1.6478899175161503 -3.5433191418774093 -2.1677616955296797 0.0 0.0 0.0
0.5 1.9150410529872062 2.7225864048604156 3.3465911045588608 0.0 0.0 0.0
0.5 2.045345579304738 -0.532339997425548 -3.6452542663940504 0.0 0.0 0.0
0.5 -2.842786681290899 1.5067476092908167 2.285745489100354 0.0 0.0 0.0
0.5 -0.8452440008895524 3.6689429297371765 -2.384455374129138 0.0 0.0 0.0
