200
0
0.05 -0.17791215405317812 -0.5017726897258905 -0.6464739565229732 0.0 0.0 0.0
0.05 0.41198027670092036 -0.19570641546248232 -0.0005808631541589933 0.0 0.0 0.0
0.05 -0.2928852675546166 -0.5426611273481573 -0.5292666680652616 0.0 0.0 0.0
0.05 0.37185704666110797 0.0739139828748252 -0.7385589329162232 0.0 0.0 0.0
0.05 -0.08924588356329655 -0.06723285893826918 -0.4615886194894582 0.0 0.0 0.0
0.05 0.3678349867751767 -0.35015540980501464 0.27562316685712995 0.0 0.0 0.0
0.05 0.09266362221862773 0.1825019936151237 0.6133906784762625 0.0 0.0 0.0
0.05 -0.5739876578823422 0.6277573007652422 0.2866260632742541 0.0 0.0 0.0
0.05 0.7774285350513788 -0.4241588619800041 -0.07235624886146155 0.0 0.0 0.0
0.05 0.23358380288835975 0.710256503327422 0.05690355621592655 0.0 0.0 0.0
0.05 -0.0633103397040058 -0.6556535070328301 -0.14662007555222245 0.0 0.0 0.0
0.05 0.6186899268913888 0.15923212101060827 -0.10800620772362049 0.0 0.0 0.0
0.05 -0.15032800519970332 0.3077396213387711 0.15243634684454788 0.0 0.0 0.0
0.05 -0.25915959050075016 0.0015886422290478325 -0.8877581338117544 0.0 0.0 0.0
0.05 -0.09272537742030061 0.05899148451921492 0.5566188628967028 0.0 0.0 0.0
0.05 0.1644846924752027 0.004179474438068414 -0.10591536230705284 0.0 0.0 0.0
0.05 0.6324727847587694 0.06501232354537748 0.10338759024200793 0.0 0.0 0.0
0.05 0.08704322693288119 0.13048871623260205 -0.20841502279271734 0.0 0.0 0.0
0.05 0.9836555978910613 -0.11549313590516057 -0.029241759261909132 0.0 0.0 0.0
0.05 -0.7236074377992378 -0.42722798298509923 -0.37052017447885727 0.0 0.0 0.0
0.05 0.3030190331975251 -0.09747873871568663 -0.013900379722920799 0.0 0.0 0.0
0.05 0.2775622675489132 -0.2629653354498175 0.31882257510828715 0.0 0.0 0.0
0.05 -0.4043364933405021 0.14592530764972497 -0.33504452045411215 0.0 0.0 0.0
0.05 0.2605822957035729 0.24738751678627396 -0.1202731405784865 0.0 0.0 0.0
0.05 -0.08832461184071136 0.6412025777803942 0.18018330617655212 0.0 0.0 0.0
0.05 0.30668005833140344 0.14029468086006408 0.8307456169552394 0.0 0.0 0.0
0.05 -0.7176714479879915 0.2591790708769715 0.3632190358847434 0.0 0.0 0.0
0.05 0.0792981517253007 -0.6697999820376518 -0.22927368967908549 0.0 0.0 0.0
0.05 0.00246351847314449 0.8945708301747856 0.0690558080760975 0.0 0.0 0.0
0.05 -0.16668970017793527 -0.1389236699967282 -0.7943281331092188 0.0 0.0 0.0
0.05 0.5080523637576 0.2111800888411229 0.12712226657979767 0.0 0.0 0.0
0.05 -0.33059584614587045 -0.26879201117245216 0.16590394606286793 0.0 0.0 0.0
0.05 0.07248761846691414 0.794901465026387 -0.28119417245263334 0.0 0.0 0.0
0.05 0.6396865660020346 0.06404384803720674 0.27477868679532125 0.0 0.0 0.0
0.05 -0.21045900621736638 -0.5460176261357841 -0.6830092708972374 0.0 0.0 0.0
0.05 -0.26564063258637083 -0.009998964251674859 0.5610636552270011 0.0 0.0 0.0
0.05 0.34807940582271774 0.2238692906636912 -0.7043769811666213 0.0 0.0 0.0
0.05 0.38622909281021567 0.011913073958293899 0.10838888113797744 0.0 0.0 0.0
0.05 -0.051655507711444816 -0.6249432106234224 -0.5160514705518694 0.0 0.0 0.0
0.05 -0.3872587110032037 -0.2592488722937302 0.7658765594346953 0.0 0.0 0.0
0.05 -0.6763520475314123 -0.5650121812969748 -0.0967160998776817 0.0 0.0 0.0
0.05 0.08288518775288393 -0.3295812592928953 -0.7074339225772802 0.0 0.0 0.0
0.05 -0.17832954805775622 -0.40431260639661176 0.6260116245262214 0.0 0.0 0.0
0.05 -0.5519864291570884 -0.6571819208943346 -0.4128692739192563 0.0 0.0 0.0
0.05 -0.24453170491736181 0.947646197646286 0.09799661111496114 0.0 0.0 0.0
0.05 0.5929531622745587 0.1283532316272884 -0.1500798626191553 0.0 0.0 0.0
0.05 0.8666176093396724 0.4796285358681072 0.0864198144395126 0.0 0.0 0.0
0.05 -0.0392470208700158 -0.5249948105891264 -0.1544496729759779 0.0 0.0 0.0
0.05 -0.11729254955663493 -0.04992565582968913 -0.8968856583455578 0.0 0.0 0.0
0.05 -0.010865041424643288 -0.852750289132772 0.04680756505628467 0.0 0.0 0.0
0.05 0.20747948387662193 -0.014552199436603491 -0.10837996797769778 0.0 0.0 0.0
0.05 0.10105216496925562 0.15972886720254376 -0.33260722197838966 0.0 0.0 0.0
0.05 0.13765592784671288 -0.17176899574075521 -0.1395702424888606 0.0 0.0 0.0
0.05 0.8529503026658738 -0.07121133988437305 -0.0634495268703892 0.0 0.0 0.0
0.05 0.03491365382203806 0.04190648606794543 0.7965216441563959 0.0 0.0 0.0
0.05 -0.5935199003242264 0.061867558153782934 -0.5155688627570634 0.0 0.0 0.0
0.05 0.25065241194536825 0.35879330030426676 0.19454854342564623 0.0 0.0 0.0
0.05 -0.4212699236144933 -0.31570954935004497 -0.11080626556944004 0.0 0.0 0.0
0.05 -0.6598415449584226 0.22663184159099736 0.6512014493781814 0.0 0.0 0.0
0.05 -0.06325935249784477 -0.13780831677012353 0.5500438059952291 0.0 0.0 0.0
0.05 0.3104241940894393 -0.7666913673916579 -0.3036722306988709 0.0 0.0 0.0
0.05 -0.7463057287344342 -0.10717350234302214 0.29289864780540026 0.0 0.0 0.0
0.05 0.2679230388479628 0.6865705501055827 0.07336224054193449 0.0 0.0 0.0
0.05 -0.11290650564665226 -0.410523707227993 -0.7722885284494408 0.0 0.0 0.0
0.05 -0.10329906864628481 -0.05017168891013762 -0.08623427661726583 0.0 0.0 0.0
0.05 -0.4498374198104315 -0.4973781034936022 0.2506267307046206 0.0 0.0 0.0
0.05 -0.0666811153424663 0.6597555043288817 0.4211802034268733 0.0 0.0 0.0
0.05 -0.4721279616973847 0.13929540981932992 -0.1838860309280635 0.0 0.0 0.0
0.05 0.7353762772475815 -0.21502756848083288 -0.2491656350905075 0.0 0.0 0.0
0.05 -0.4702804925681037 0.8601156018750096 -0.06579624773534411 0.0 0.0 0.0
0.05 0.49504401178536367 0.1272770235390029 0.4514367723873318 0.0 0.0 0.0
0.05 -0.2585684120485271 -0.5174171725617494 -0.5535895846534117 0.0 0.0 0.0
0.05 0.8110996455630923 -0.483580389917664 0.07049794663344842 0.0 0.0 0.0
0.05 0.5112821212212101 -0.4771735530256174 -0.021766889100804824 0.0 0.0 0.0
0.05 0.1571907808440001 0.3779634003704584 -0.06007733314522612 0.0 0.0 0.0
0.05 -0.25800549504038217 -0.7212849875396721 0.5373946321148977 0.0 0.0 0.0
0.05 0.8316856472233003 -0.38697945292422514 0.3601380714117988 0.0 0.0 0.0
0.05 -0.18578855074981124 -0.7362895152665407 -0.34278205838643794 0.0 0.0 0.0
0.05 0.3049385176708858 0.5122816395455092 0.47636229040682215 0.0 0.0 0.0
0.05 0.33316790158622156 -0.2428111793352062 -0.17443444565929858 0.0 0.0 0.0
0.05 0.3192313768962044 -0.12067471914777089 -0.1281522726867422 0.0 0.0 0.0
0.05 -0.365679271480376 0.8814587713409365 -0.0885510271262883 0.0 0.0 0.0
0.05 0.45296318811513414 0.6445282091223241 0.3292142852004677 0.0 0.0 0.0
0.05 -0.5419226352377465 -0.07715117507907711 0.43095148911466846 0.0 0.0 0.0
0.05 -0.2676999826253093 0.708661365021322 -0.4474411383044502 0.0 0.0 0.0
0.05 -0.47037082676273234 -0.6406176964366754 -0.06559409729637504 0.0 0.0 0.0
0.05 0.2126661533480215 -0.2419081322891205 0.39356508021148884 0.0 0.0 0.0
0.05 -0.2673297668187382 -0.1761419039591702 -0.6951375145239712 0.0 0.0 0.0
0.05 0.47098731408231176 0.1523005992823703 -0.04770189352025832 0.0 0.0 0.0
0.05 -0.45367205268491995 -0.5940328058283497 -0.424917449874712 0.0 0.0 0.0
0.05 0.12846324036933887 0.07459586717995641 -0.12569082391507752 0.0 0.0 0.0
0.05 0.6823839854788937 0.5985080084104072 -0.0057732306635186895 0.0 0.0 0.0
0.05 -0.33355331086039214 0.8194622593208157 0.35032318103395443 0.0 0.0 0.0
0.05 -0.615291556774893 0.20050996025257156 0.07213870830915843 0.0 0.0 0.0
0.05 0.24356193735159257 0.9509001157266705 0.04317985432777954 0.0 0.0 0.0
0.05 0.8274479448838055 0.1492245599866889 -0.09132115207185394 0.0 0.0 0.0
0.05 -0.23982303668292154 0.03758544653820986 0.9209089783370553 0.0 0.0 0.0
0.05 0.4122743308184278 -0.41270075257336536 -0.30219142617474215 0.0 0.0 0.0
0.05 -0.6091585944682885 0.07427011063992613 -0.3306307173187364 0.0 0.0 0.0
0.05 0.389651470104642 0.28495923411581225 -0.679735161180863 0.0 0.0 0.0
0.05 0.5519909300368119 -0.41529184033314015 -0.4001342281009282 0.0 0.0 0.0
0.05 0.3495601685380017 -0.7923698231195594 0.35663308024129325 0.0 0.0 0.0
0.05 0.010461763653146073 0.8189564922936854 0.08917985524726806 0.0 0.0 0.0
0.05 -0.1401156085828055 -0.36481840685218275 0.1778785346997051 0.0 0.0 0.0
0.05 -0.5551218642689597 -0.521782902705668 -0.3552626542626772 0.0 0.0 0.0
0.05 0.8213624773037524 -0.25832232167355285 -0.2819124326120345 0.0 0.0 0.0
0.05 0.904284361601774 0.21672699392837008 0.12342452238902933 0.0 0.0 0.0
0.05 0.008746260373874501 -0.9334281144137738 -0.14641196145658475 0.0 0.0 0.0
0.05 -0.25605840288366033 0.22348260598694145 0.24990727541018457 0.0 0.0 0.0
0.05 0.015958838709749547 0.44509559378082747 -0.2649945920490988 0.0 0.0 0.0
0.05 0.6613894919590233 -0.13663190174331577 0.4038590536221708 0.0 0.0 0.0
0.05 -0.10153402033178778 -0.26856897544295316 -0.7003373934989283 0.0 0.0 0.0
0.05 0.43298463316873503 0.5147158132091253 0.3793981793648663 0.0 0.0 0.0
0.05 -0.47196266650582674 -0.8052513375299749 -0.11689551266918193 0.0 0.0 0.0
0.05 -0.6430810401574664 -0.2436639068310727 0.2548649472872758 0.0 0.0 0.0
0.05 0.2841373124894134 -0.02201503469660315 -0.08923465546942187 0.0 0.0 0.0
0.05 -0.41988478326021883 0.18387971107701323 -0.006967836384641719 0.0 0.0 0.0
0.05 -0.2865080687765179 0.8671868548399222 0.3929759782010759 0.0 0.0 0.0
0.05 0.385932031298659 -0.011052133281385386 -0.1387301584622132 0.0 0.0 0.0
0.05 0.5037436478936446 -0.2135899346556369 -0.11462622310793615 0.0 0.0 0.0
0.05 -0.7250654944446084 -0.34157599675467853 -0.18745540757904006 0.0 0.0 0.0
0.05 0.13243892681001923 -0.20082778288505307 -0.9629254620014779 0.0 0.0 0.0
0.05 0.6610683148315194 0.02071267632288964 0.2506498346834868 0.0 0.0 0.0
0.05 -0.16312928050604447 -0.5721224995975701 -0.0163453233911901 0.0 0.0 0.0
0.05 0.5913414824590494 -0.21185246634948524 0.324877072794564 0.0 0.0 0.0
0.05 -0.7322240844102763 0.17914260274416804 0.5285859961022011 0.0 0.0 0.0
0.05 -0.25948699401537095 0.02668021389206083 0.018663013592592027 0.0 0.0 0.0
0.05 -0.22197814555578158 0.8177908151669022 -0.11618046293207981 0.0 0.0 0.0
0.05 -0.2836903195127658 -0.3463170396758035 -0.03735521592613541 0.0 0.0 0.0
0.05 0.1728468213319004 0.7882324640557166 0.0695356524988143 0.0 0.0 0.0
0.05 0.7563703786268798 0.23746502183353646 0.09369919293199075 0.0 0.0 0.0
0.05 0.5319127226908177 -0.64383270055622 0.48869014532113414 0.0 0.0 0.0
0.05 -0.15396431749846526 0.3115428869165902 0.43205096805872906 0.0 0.0 0.0
0.05 0.6247460152006954 0.41158734932772034 0.27830468270325787 0.0 0.0 0.0
0.05 -0.685849315432989 0.18705953999453176 -0.08114755532072634 0.0 0.0 0.0
0.05 0.3836007869185903 -0.3166248991063284 -0.6141036549558134 0.0 0.0 0.0
0.05 0.12284551278415959 -0.4925100555768776 0.3696237212547355 0.0 0.0 0.0
0.05 0.2561144191936189 -0.5919157698114133 0.5164870073554386 0.0 0.0 0.0
0.05 0.020169686982838646 -0.7913769442290608 0.12129617330488866 0.0 0.0 0.0
0.05 -0.0278940521576524 -0.21507102626410676 0.7564172196326173 0.0 0.0 0.0
0.05 -0.09804717477943628 -0.34556707071498854 0.45396372722455225 0.0 0.0 0.0
0.05 -0.48101775483643056 0.7573410947545404 0.13142558610980337 0.0 0.0 0.0
0.05 -0.5232695922355727 0.12796022858600758 0.4434049282911895 0.0 0.0 0.0
0.05 0.7931557641607072 0.04015794029112369 -0.46359448671266124 0.0 0.0 0.0
0.05 -0.45657297785509676 0.01829397705569921 0.8608538882802004 0.0 0.0 0.0
0.05 -0.19282635079983196 0.5371133890295801 -0.26233030077192515 0.0 0.0 0.0
0.05 -0.7614707539995854 -0.6120777891785693 -0.12139276444430974 0.0 0.0 0.0
0.05 0.21404399644044358 0.4899824493426225 0.17525108059571068 0.0 0.0 0.0
0.05 -0.6246911622459822 -0.5245113717949278 0.1957098875507382 0.0 0.0 0.0
0.05 -0.13460725105526086 0.7161062406426689 0.5882607475259937 0.0 0.0 0.0
0.05 0.6791425908581395 -0.6167248588228762 -0.09753570998358041 0.0 0.0 0.0
0.05 0.6871774801592722 0.6669631033487371 -0.13248424706158135 0.0 0.0 0.0
0.05 -0.028367940220045934 -0.052536136165033186 0.49006894004485885 0.0 0.0 0.0
0.05 0.578702518484283 -0.3584770731063536 0.41629726433077147 0.0 0.0 0.0
0.05 -0.15420930226833815 0.04758670856406817 -0.9468748401350865 0.0 0.0 0.0
0.05 0.053609521608739406 0.24516173861728696 -0.27327025668216437 0.0 0.0 0.0
0.05 0.22322239815680345 -0.42076720421239955 0.19388160859494116 0.0 0.0 0.0
0.05 0.3240536026807884 -0.3509203788360387 0.30939465934867394 0.0 0.0 0.0
0.05 -0.08820749566095833 0.349382987564259 0.5285776370412946 0.0 0.0 0.0
0.05 -0.0995242645964014 -0.18949877013965064 0.04175264735774152 0.0 0.0 0.0
0.05 0.352857446678776 -0.4845137511798835 0.08742705948887773 0.0 0.0 0.0
0.05 -0.8720493046072133 -0.48516561694026705 -0.05497883323670907 0.0 0.0 0.0
0.05 -0.06559430665410884 -0.519420121744344 -0.18015364372719894 0.0 0.0 0.0
0.05 -0.557918468387864 -0.29216827485875185 0.06494570318769477 0.0 0.0 0.0
0.05 0.11287204308847583 0.4916065874389114 -0.6807184337050098 0.0 0.0 0.0
0.05 0.16978599647094553 0.33369996680960246 0.10152345159344184 0.0 0.0 0.0
0.05 0.2633519138151157 -0.40312223631702054 0.38132664969910934 0.0 0.0 0.0
0.05 -0.594577574119715 -0.6565483158551754 -0.3739207384531987 0.0 0.0 0.0
0.05 -0.3491389415063006 -0.8176685511937 0.11215229627161068 0.0 0.0 0.0
0.05 0.7414659437872556 0.19448826083979048 -0.12263441661612005 0.0 0.0 0.0
0.05 0.17408012333262132 0.27977581018160125 0.31887274879684724 0.0 0.0 0.0
0.05 -0.6886256932910355 0.4133523561599889 -0.2907036743523113 0.0 0.0 0.0
0.05 -0.8268325594059954 0.5565381539456691 -0.06611659647982795 0.0 0.0 0.0
0.05 -0.2775725651674607 -0.547340188345132 0.07727501296020783 0.0 0.0 0.0
0.05 0.22064346261781084 -0.6771679783960627 -0.6795144644778454 0.0 0.0 0.0
0.05 0.00895481446344123 -0.4049789675099479 -0.7649289111167673 0.0 0.0 0.0
0.05 -0.5875012919237799 -0.4006003201418088 -0.5767834268555068 0.0 0.0 0.0
0.05 0.5527594897636404 -0.086210140390261 0.0934114217497378 0.0 0.0 0.0
0.05 0.7481247287323981 -0.39765992253093163 -0.03058274713214919 0.0 0.0 0.0
0.05 -0.3020230054016812 0.3596960907121734 0.6902826134843738 0.0 0.0 0.0
0.05 0.41575311837523365 -0.7893264394866619 -0.04450305702618796 0.0 0.0 0.0
0.05 -0.24221603752961143 -0.17227126513939822 0.3052538209216281 0.0 0.0 0.0
0.05 -0.15097312308541022 -0.33280164286370095 -0.7259012392909328 0.0 0.0 0.0
0.05 -0.8595876323004137 -0.19838019257538184 -0.38746702817133427 0.0 0.0 0.0
0.05 -0.5155053551252021 -0.7632679176287591 -0.06767369697885475 0.0 0.0 0.0
0.05 -0.7808280011694805 0.37202674999085245 -0.4189205860039374 0.0 0.0 0.0
0.05 0.1781023263114385 -0.6517021993975463 -0.27520036590220187 0.0 0.0 0.0
0.05 0.1438962825692213 0.3695916572097994 0.863430913052474 0.0 0.0 0.0
0.05 0.3232101588430335 -0.4552617141637526 -0.46814335549949415 0.0 0.0 0.0
0.05 -0.07766836073536086 -0.10161396924016491 0.6915722015114688 0.0 0.0 0.0
0.05 0.09659971731955921 0.9118979960906834 -0.14722235115623655 0.0 0.0 0.0
0.05 -0.944275060907172 -0.19021547703815317 -0.16618938369252495 0.0 0.0 0.0
0.05 -0.7091633903384177 -0.3041964623753469 0.12772141656144684 0.0 0.0 0.0
0.05 -0.4339982652063837 -0.027301721759035148 -0.8761922449900298 0.0 0.0 0.0
0.05 0.14152737725264583 0.03623109862420984 0.5622681525389011 0.0 0.0 0.0
0.05 0.3232189839419331 -0.31727030580128274 -0.2068852682196551 0.0 0.0 0.0
0.05 0.5926828925860963 0.3596383202769176 0.40027290645743574 0.0 0.0 0.0
0.05 0.7344482767386084 0.21495618145447548 -0.482664318451733 0.0 0.0 0.0
0.05 -0.21823863897847856 -0.21731066367082222 0.7700444493658886 0.0 0.0 0.0
0.05 -0.559245176407878 0.5420574337806241 -0.10283258736929672 0.0 0.0 0.0
