20
0
0.5 -0.08320049564922431 0.5121473826437104 -0.054218598425113826 0.0 0.0 0.0
0.5 0.38268007518946684 -0.654994094193816 -0.6197540237096723 0.0 0.0 0.0
0.5 0.25107271658934155 -0.16559632642405184 0.8040695621528327 0.0 0.0 0.0
0.5 -0.06407684572845264 -0.3293447607870921 -0.9247171221519114 0.0 0.0 0.0
0.5 -0.18931028603558211 0.28009597041667383 0.5791386252594171 0.0 0.0 0.0
0.5 -0.7513956789272573 0.4492824584931183 -0.48290204522659286 0.0 0.0 0.0
0.5 0.768272094069186 0.4079021366969221 -0.29956529841748986 0.0 0.0 0.0
0.5 0.17637724785775727 0.17227372325469437 0.05777268466119552 0.0 0.0 0.0
0.5 0.16266320112041907 -0.79243240324271 0.5215604209578567 0.0 0.0 0.0
0.5 0.11392141516810672 0.5167605137853555 -0.6306967513915037 0.0 0.0 0.0
0.5 0.26745178037333267 -0.36533110396712154 -0.611283582339984 0.0 0.0 0.0
0.5 -0.17100598850126936 -0.19921055193172446 0.5637578100923426 0.0 0.0 0.0
0.5 0.20409526730091465 0.05033015818330775 -0.42292272675436055 0.0 0.0 0.0
0.5 0.4188170258985871 -0.7556504752576829 -0.49765000946826654 0.0 0.0 0.0
0.5 0.37582320462400226 -0.26490428286825674 0.1688343171042786 0.0 0.0 0.0
0.5 0.6191005745206906 0.6439121517335393 0.40400730934738016 0.0 0.0 0.0
0.5 -0.06519079025147152 0.6829153197100448 0.2126218098721534 0.0 0.0 0.0
0.5 -0.5296407112438611 0.3953704133159072 0.6881589237938037 0.0 0.0 0.0
0.5 0.37796318626188474 -0.8263776848723602 -0.3522670431037682 0.0 0.0 0.0
0.5 0.6419622445980588 -0.7357407522307015 0.10519818299361292 0.0 0.0 0.0
