200
0
1.0 0.166184124567848 -0.12351185530446587 -0.16326498877921183 0.0 0.0 0.0
1.0 0.24660736984150752 0.28710792969236015 -0.5399002987347128 0.0 0.0 0.0
1.0 0.6099405922653635 0.31516522564848626 -0.5456789826299081 0.0 0.0 0.0
1.0 0.12561190995677532 0.06057473554976181 -0.8217038341368814 0.0 0.0 0.0
1.0 0.0032458385569972352 -0.1038078768878317 -0.1877924614595954 0.0 0.0 0.0
1.0 0.5036407768946627 0.725094934484954 0.42333406623687825 0.0 0.0 0.0
1.0 -0.18964627113048874 -0.4442080306364562 0.6023017641667321 0.0 0.0 0.0
1.0 -0.7457896192804022 0.42539788748694607 -0.3960766972741 0.0 0.0 0.0
1.0 0.5076613422607148 -0.13180577374836633 0.24119763844589628 0.0 0.0 0.0
1.0 0.4389292810667586 0.47043186678342 -0.607072323987248 0.0 0.0 0.0
1.0 -0.8909906113758309 -0.22344782741729802 -0.12650725245089833 0.0 0.0 0.0
1.0 0.11290719296826025 0.7339819793648984 0.6419881809563087 0.0 0.0 0.0
1.0 -0.7860586107401715 -0.06859363904532408 -0.38249067416969385 0.0 0.0 0.0
1.0 0.23882616323281322 0.04294770990508861 0.8527691916498366 0.0 0.0 0.0
1.0 0.03219107158844649 -0.8036597806571787 -0.19192612638062886 0.0 0.0 0.0
1.0 0.16609936558810948 -0.41911595069987506 0.8734381070402067 0.0 0.0 0.0
1.0 0.22919971751920298 -0.13383427130598038 0.017107631757281368 0.0 0.0 0.0
1.0 -0.1689915483991353 0.22123654720573563 0.7327830724504445 0.0 0.0 0.0
1.0 -0.06752137685980313 0.3655733463965288 0.5996613915681799 0.0 0.0 0.0
1.0 -0.44153810204647903 -0.14991340303171202 0.3440421866416232 0.0 0.0 0.0
1.0 0.22254439852431301 0.731094118404417 -0.2011850669859272 0.0 0.0 0.0
1.0 0.19582496019341464 0.5426841970302976 0.6826433385905222 0.0 0.0 0.0
1.0 0.4533327977633716 0.10594739178768726 -0.3442655489438499 0.0 0.0 0.0
1.0 0.6327275403351629 0.2019070180818998 -0.5097822259285134 0.0 0.0 0.0
1.0 0.2399814278753639 0.5514554420751449 -0.380747655452599 0.0 0.0 0.0
1.0 -0.5762799439505395 -0.010028038496099926 -0.7428001097803799 0.0 0.0 0.0
1.0 0.4348479564784689 0.7627291993494241 -0.008088778453704218 0.0 0.0 0.0
1.0 0.2646524551280764 0.1334934816630373 0.6210964232718303 0.0 0.0 0.0
1.0 -0.6669128695870548 -0.33970512818075493 0.3822763153345173 0.0 0.0 0.0
1.0 -0.6947236834790924 0.28255047987418835 0.04650920417444109 0.0 0.0 0.0
1.0 0.2802239380905439 0.8524963763789989 0.02591750950897317 0.0 0.0 0.0
1.0 -0.789885507376337 -0.45409906093382807 -0.23645371390222686 0.0 0.0 0.0
1.0 -0.26943279535999903 -0.06895719469313855 -0.8037712875529899 0.0 0.0 0.0
1.0 -0.26614436976185507 0.5568212602990203 -0.7723678614103294 0.0 0.0 0.0
1.0 -0.1468645764044937 0.19634135970561167 -0.2415550771317602 0.0 0.0 0.0
1.0 -0.12027696303117989 0.4252088527572323 -0.8309521449981615 0.0 0.0 0.0
1.0 -0.3214613383021956 -0.04851790278366527 0.14500742599391683 0.0 0.0 0.0
1.0 0.15063370649678748 -0.7151224521679822 0.6759307723037935 0.0 0.0 0.0
1.0 -0.7649117564658292 0.279649526166684 0.42978707569187635 0.0 0.0 0.0
1.0 -0.06770080094207513 -0.4695072664625489 -0.7268495330344289 0.0 0.0 0.0
1.0 -0.02247478587053288 -0.7221032268395533 -0.018630898746150835 0.0 0.0 0.0
1.0 -0.4863393650748542 -0.6730797115918917 -0.45878116448815737 0.0 0.0 0.0
1.0 -0.44544350751792455 -0.7434008947823839 0.14868159089287677 0.0 0.0 0.0
1.0 0.6731559739723146 0.19306775327862122 -0.03985103522411592 0.0 0.0 0.0
1.0 -0.6434493540160817 0.06257111019774324 0.1684373277784436 0.0 0.0 0.0
1.0 -0.3837073092772553 -0.2750531513166352 -0.7934719598036932 0.0 0.0 0.0
1.0 0.15886970788131488 -0.803436094470596 -0.49156543325359753 0.0 0.0 0.0
1.0 0.08662325025349356 -0.670115223043785 0.191420274925463 0.0 0.0 0.0
1.0 -0.21458248745745112 0.04856540355511819 0.7707539037201989 0.0 0.0 0.0
1.0 0.38113869837312164 0.25116122763453225 -0.10803792619664813 0.0 0.0 0.0
1.0 -0.242324866486599 0.12662471977284692 0.6888537964144251 0.0 0.0 0.0
1.0 -0.5241358259909192 -0.6020355608602721 -0.30712433783991144 0.0 0.0 0.0
1.0 0.8386266015208818 -0.19120532485145172 0.06963956153903962 0.0 0.0 0.0
1.0 -0.09583386146556266 -0.7908728599309223 0.04731873894247045 0.0 0.0 0.0
1.0 -0.5549632311823619 -0.33083008821296395 -0.42960506216341077 0.0 0.0 0.0
1.0 0.5041770589808037 -0.1784695456068605 -0.5415006511443634 0.0 0.0 0.0
1.0 -0.06433298428164116 -0.23929530245505523 0.8995887947806019 0.0 0.0 0.0
1.0 0.01647767967357955 -0.16037448604392512 -0.5258115072678562 0.0 0.0 0.0
1.0 0.0003303966864746485 0.11760458011059849 -0.9774924892998262 0.0 0.0 0.0
1.0 0.22382256584562701 -0.5191997211192125 -0.5238605196102726 0.0 0.0 0.0
1.0 0.06130229798471111 0.6483242767767925 -0.5594275055717465 0.0 0.0 0.0
1.0 -0.6557910629661184 0.4667083108987231 -0.5659522568394825 0.0 0.0 0.0
1.0 -0.6901813194015081 0.4635955067768221 0.3104467411971842 0.0 0.0 0.0
1.0 -0.584978352423779 0.6753553381037781 0.10652509732116726 0.0 0.0 0.0
1.0 0.3358017043479478 -0.5529290659764016 0.17089705063795624 0.0 0.0 0.0
1.0 0.22078557257409426 0.07618818752116518 -0.8793022458179081 0.0 0.0 0.0
1.0 -0.3285363303169233 -0.5144583823065336 0.2858706611608917 0.0 0.0 0.0
1.0 -0.24892105508457574 0.43088752737559166 -0.5765497094818391 0.0 0.0 0.0
1.0 0.1664136953422438 -0.11287983651910648 0.7553335154220865 0.0 0.0 0.0
1.0 -0.15024438102995072 -0.604840675205156 0.3849161119895913 0.0 0.0 0.0
1.0 0.33781487988362635 0.381308776727121 0.2224148599681198 0.0 0.0 0.0
1.0 0.6034340171307598 -0.464944161996736 0.30792824730288937 0.0 0.0 0.0
1.0 0.22674283060385436 0.02027997952820597 0.2340160478705695 0.0 0.0 0.0
1.0 -0.01646186568634021 -0.5694599007352915 -0.6763904690690513 0.0 0.0 0.0
1.0 -0.5013117854313618 0.32134186313253715 0.019111338017674666 0.0 0.0 0.0
1.0 0.1337949678092925 0.48039757684466783 0.03974170955134326 0.0 0.0 0.0
1.0 0.5289977530882305 0.012767152347728372 -0.663967592217484 0.0 0.0 0.0
1.0 0.3669901274941002 -0.3075189991798002 0.6730921431709693 0.0 0.0 0.0
1.0 0.7570746025485692 -0.12885686460217538 0.4593087627406002 0.0 0.0 0.0
1.0 -0.48419091868025627 -0.8297784505180331 0.04883842050904993 0.0 0.0 0.0
1.0 0.46277818886493693 -0.44930390153357225 -0.7541758638410859 0.0 0.0 0.0
1.0 -0.24611223868249 0.6687945764206125 -0.02479320793973675 0.0 0.0 0.0
1.0 0.6513390438473993 -0.5464143367326931 -0.4045116441095638 0.0 0.0 0.0
1.0 0.6694537896940234 0.5652105866113638 0.24781611507976542 0.0 0.0 0.0
1.0 0.40034796691981306 -0.028814452240530752 -0.8828361623031409 0.0 0.0 0.0
1.0 -0.1053004199160421 0.10370810446387928 -0.5398163715924714 0.0 0.0 0.0
1.0 0.44573567585767193 -0.17816888020404517 0.8758263638651576 0.0 0.0 0.0
1.0 -0.10923527834021189 0.052918951074857355 0.2744262538021611 0.0 0.0 0.0
1.0 -0.33426821198981904 0.8308472000947834 0.2284729786626749 0.0 0.0 0.0
1.0 0.6529828678440234 -0.22547665993197968 0.5367535874558659 0.0 0.0 0.0
1.0 0.27663807261843304 -0.30149126842118873 -0.7118447468372303 0.0 0.0 0.0
1.0 0.005488127034607212 0.3978857494923439 -0.5335472090478632 0.0 0.0 0.0
1.0 0.4391029718804997 0.1854836298511262 0.02585012286422384 0.0 0.0 0.0
1.0 -0.4075771276432346 0.3871299056174991 -0.6828524606669575 0.0 0.0 0.0
1.0 0.3122719021591899 -0.8036047311072607 0.05860180851465902 0.0 0.0 0.0
1.0 -0.599084551495988 0.14362342782531495 -0.7748662629718219 0.0 0.0 0.0
1.0 0.49223874394046285 0.2917142055052033 0.2971980675210329 0.0 0.0 0.0
1.0 -0.6596059277749545 -0.20912959261818642 0.7216464620704313 0.0 0.0 0.0
1.0 0.27347211006430905 -0.4555368671724868 0.059018466979930004 0.0 0.0 0.0
1.0 -0.19446939499550245 -0.14222138767566728 0.21442941638812812 0.0 0.0 0.0
1.0 -0.3603896536951232 0.6616314312201464 -0.0774311306282154 0.0 0.0 0.0
1.0 0.1378214459824042 0.6146565541169722 0.6415801523717021 0.0 0.0 0.0
1.0 0.031780676380867554 -0.30887933464213624 0.5459996773477079 0.0 0.0 0.0
1.0 0.6472889444605331 -0.04061403754140917 0.017094226919920765 0.0 0.0 0.0
1.0 0.348675497063676 0.6355472372916496 0.3355640128446499 0.0 0.0 0.0
1.0 -0.5396374995002785 -0.16472011136236325 -0.28902091492000137 0.0 0.0 0.0
1.0 0.251438191536633 0.6217953004439207 -0.26663576671162015 0.0 0.0 0.0
1.0 0.3935023363036301 -0.28847046420578165 -0.702280080157099 0.0 0.0 0.0
1.0 0.5231775656152649 0.08520818955232852 -0.2066688568844747 0.0 0.0 0.0
1.0 -0.23714122888594943 0.3450294706525374 0.4716943960311355 0.0 0.0 0.0
1.0 -0.7346830324604189 -0.2941267230283716 0.2859678981462346 0.0 0.0 0.0
1.0 0.2981176555078005 -0.7478589167124536 -0.25150882383751205 0.0 0.0 0.0
1.0 -0.5006207446607798 0.5250471606090887 -0.1099555027091494 0.0 0.0 0.0
1.0 0.18817712420262694 0.4348297025335626 0.8569196014497235 0.0 0.0 0.0
1.0 0.3740116727514344 -0.33804960905708464 -0.5377922092300148 0.0 0.0 0.0
1.0 -0.017891853203791892 0.5189138183344082 0.347274048713525 0.0 0.0 0.0
1.0 0.5177797841482371 -0.1888240469746717 -0.7050583324248513 0.0 0.0 0.0
1.0 -0.20183445958211146 0.6223829979717935 0.33082835465924876 0.0 0.0 0.0
1.0 0.4780251511670257 0.36998630914756436 0.3982465904359402 0.0 0.0 0.0
1.0 0.5411230512965409 0.1474308939528067 0.41483360625863147 0.0 0.0 0.0
1.0 0.4779958645953912 0.8325329691319524 -0.09163307219087254 0.0 0.0 0.0
1.0 -0.5843205689797624 0.06608807133400317 -0.6807768969784681 0.0 0.0 0.0
1.0 -0.8240307820672447 -0.5443783658858471 -0.08431274054940498 0.0 0.0 0.0
1.0 -0.7874615438567553 -0.3203793929363176 0.12636145551943073 0.0 0.0 0.0
1.0 -0.40372871447872916 0.342177564144872 0.09490263936840006 0.0 0.0 0.0
1.0 0.32450054695194686 0.47237934695888456 0.25269163225246144 0.0 0.0 0.0
1.0 0.2650130968512912 0.4147797585914529 -0.8341513003302707 0.0 0.0 0.0
1.0 -0.6564287302280826 -0.2564955596996269 0.26207474385482277 0.0 0.0 0.0
1.0 -0.09157330433497891 0.41843568696876865 -0.7629119081468758 0.0 0.0 0.0
1.0 0.5572807119943903 0.584470962514563 -0.0027796845039152465 0.0 0.0 0.0
1.0 0.16395137365538856 -0.3399099419471651 -0.6938414361305186 0.0 0.0 0.0
1.0 0.4178840441878333 0.1401872120039801 -0.13143576795899706 0.0 0.0 0.0
1.0 -0.558518385762481 -0.7571168152923153 -0.10201697399765897 0.0 0.0 0.0
1.0 0.2011522632005146 -0.206490444628797 0.7341248631389273 0.0 0.0 0.0
1.0 0.4673707513062918 0.13853008064700814 -0.26078867058586297 0.0 0.0 0.0
1.0 0.2637101101112958 -0.3101224710120081 -0.7972484221018438 0.0 0.0 0.0
1.0 0.2193860136327964 0.8102959626691868 -0.0100514903487215 0.0 0.0 0.0
1.0 -0.1485226728970013 0.708060536419336 0.6589389504924426 0.0 0.0 0.0
1.0 -0.24240328896091773 -0.24582709457916468 -0.11221342881164272 0.0 0.0 0.0
1.0 0.2875360459318717 0.015484129498110438 0.04096286376052581 0.0 0.0 0.0
1.0 0.2836267155122489 -0.82907108605081 -0.1680086703729964 0.0 0.0 0.0
1.0 0.11978356902580922 -0.7569826631523202 0.5823935429450035 0.0 0.0 0.0
1.0 -0.3072426873479729 0.5675761835280437 -0.7355982379213979 0.0 0.0 0.0
1.0 0.7831304762374841 -0.5880789360953992 -0.13761465157438144 0.0 0.0 0.0
1.0 -0.2088737852367325 0.49587028979727965 0.07676217428857235 0.0 0.0 0.0
1.0 -0.3496410301455628 0.5777682368366711 0.03931194715709456 0.0 0.0 0.0
1.0 -0.1272087328888722 0.7377020529393125 0.4342882128033761 0.0 0.0 0.0
1.0 0.11644609502709435 -0.7681842009601011 0.567695818780426 0.0 0.0 0.0
1.0 0.749171056826481 0.28950518902581557 -0.5531997682647469 0.0 0.0 0.0
1.0 -0.43298640043653763 0.056462148516153145 0.35230512199933006 0.0 0.0 0.0
1.0 -0.20895776845031974 -0.23955319461819616 0.8672810832578447 0.0 0.0 0.0
1.0 0.12456043947925054 -0.6098538135880953 -0.10061411017659605 0.0 0.0 0.0
1.0 0.17041478521623868 -0.045158002311502875 0.035149528274584056 0.0 0.0 0.0
1.0 -0.7641485904401585 0.3343595352763822 -0.28117281755779766 0.0 0.0 0.0
1.0 0.15225416866400068 -0.10780303708802842 -0.8196552026850421 0.0 0.0 0.0
1.0 0.19161965556134794 0.4129308260166865 0.06934893593103825 0.0 0.0 0.0
1.0 0.14769570913656446 0.3824099951830714 0.3751372782387852 0.0 0.0 0.0
1.0 0.7983671742575685 -0.16629195866952418 -0.5215997326992635 0.0 0.0 0.0
1.0 0.1850722821189428 -0.036514416179963996 0.6691803854940849 0.0 0.0 0.0
1.0 0.022488434605105162 0.5293816767832917 -0.7128256171814793 0.0 0.0 0.0
1.0 -0.3327898695903079 -0.7140752433923957 -0.45811686180890865 0.0 0.0 0.0
1.0 0.14423096137535632 0.5939621919055479 -0.4516538699092263 0.0 0.0 0.0
1.0 0.10647776805305832 -0.7360478584371395 -0.6357757574005795 0.0 0.0 0.0
1.0 -0.3220472508038046 0.03897410541896179 0.8404399140673667 0.0 0.0 0.0
1.0 -0.021363053202079155 0.159621031099536 0.1394168397525853 0.0 0.0 0.0
1.0 0.0042136971241898726 -0.2858871909791315 -0.2001123106356711 0.0 0.0 0.0
1.0 -0.14689839246544995 -0.22485484133521952 0.8116159460153797 0.0 0.0 0.0
1.0 0.39135776617261886 -0.3550752487605717 -0.40277874962292004 0.0 0.0 0.0
1.0 0.23791567661608712 0.4614767901371911 -0.02529715339907375 0.0 0.0 0.0
1.0 0.735034422911921 -0.32602475629298044 -0.26836491264849227 0.0 0.0 0.0
1.0 -0.7124990899395524 0.35657015037161105 0.01722143534531675 0.0 0.0 0.0
1.0 0.44583355665974295 -0.6570303354853446 -0.012288726063141037 0.0 0.0 0.0
1.0 -0.1112505389977987 0.33250735543926013 0.3010112724035917 0.0 0.0 0.0
1.0 -0.44941989664629695 -0.8623495335451139 -0.15990899154945595 0.0 0.0 0.0
1.0 -0.1667584663795105 0.8036258787063636 -0.1272882880111368 0.0 0.0 0.0
1.0 0.026772675084136145 0.34347406042353584 -0.5056647829262308 0.0 0.0 0.0
1.0 0.2932876968386146 0.26588322220286026 -0.7105924129877855 0.0 0.0 0.0
1.0 0.298779271519751 0.6524720159703667 0.1298287604262695 0.0 0.0 0.0
1.0 -0.1479754011520945 -0.5985386014623534 0.19248306161252446 0.0 0.0 0.0
1.0 0.5307055709250087 0.6375212095796886 0.40711384094165265 0.0 0.0 0.0
1.0 0.3681673324322405 0.6296492465475609 -0.577403396405676 0.0 0.0 0.0
1.0 0.946857407324009 0.23575908576847207 -0.109863731605749 0.0 0.0 0.0
1.0 0.8376181567644586 0.5427744937802248 -0.034614344026796126 0.0 0.0 0.0
1.0 0.44914559007001925 -0.16991766648753814 0.8044417131524522 0.0 0.0 0.0
1.0 -0.24995296397616973 -0.06409308632630659 -0.5696277029441996 0.0 0.0 0.0
1.0 -0.8323919248619225 -0.24603006896735413 0.3428471468559973 0.0 0.0 0.0
1.0 0.010370273012890714 0.5467559645026493 0.49725316356680443 0.0 0.0 0.0
1.0 0.44575241989761083 0.6680076275813566 -0.4584555767321206 0.0 0.0 0.0
1.0 -0.35952505992730943 -0.5248652388806371 0.18820708407039632 0.0 0.0 0.0
1.0 -0.7443781213813364 -0.42256509544401216 -0.47027901578169495 0.0 0.0 0.0
1.0 0.8719380836861902 0.26216137215742163 0.09333497655350663 0.0 0.0 0.0
1.0 0.05822695974703813 0.9422768635504452 0.24291483421936025 0.0 0.0 0.0
1.0 -0.5015888352770168 -0.06075882804217502 0.2664710422271932 0.0 0.0 0.0
1.0 0.01653414982002173 -0.6585423679647592 0.3300255517545708 0.0 0.0 0.0
1.0 -0.31641582009438574 -0.5155039611962676 0.7275475132149517 0.0 0.0 0.0
1.0 0.4208637678673184 -0.20768883561499302 0.45193154082703424 0.0 0.0 0.0
1.0 -0.2536662748508632 -0.6203336328698414 -0.6499841142551263 0.0 0.0 0.0
1.0 -0.6997551022252398 0.2856106604243379 -0.23361768991404644 0.0 0.0 0.0
1.0 0.019011612922694283 0.21379381541863027 -0.7621766624520504 0.0 0.0 0.0
1.0 0.09753559320342986 -0.9513479385242394 -0.1536558558842808 0.0 0.0 0.0
