50
0
0.2 -0.29431030441462736 0.5507057154597725 0.36165425949082114 0.0 0.0 0.0
0.2 -0.47286066279805455 -0.4936804752194745 0.2770084422854776 0.0 0.0 0.0
0.2 -0.4427177548100158 0.6604787823551473 -0.18822977664520057 0.0 0.0 0.0
0.2 -0.05476327914705777 -0.837090502700242 -0.4730367083110117 0.0 0.0 0.0
0.2 0.032260368811036895 -0.2886219960149258 -0.8852590098295532 0.0 0.0 0.0
0.2 0.2643113511944266 0.34330686188066667 0.6689482673813452 0.0 0.0 0.0
0.2 -0.0069534248834103715 -0.22363592083357636 -0.22971491489131932 0.0 0.0 0.0
0.2 0.1854144694718109 -0.7282519653034296 -0.6225266418629057 0.0 0.0 0.0
0.2 -0.27013085011751276 0.10307903018905738 -0.532839932377894 0.0 0.0 0.0
0.2 0.10105967727800365 0.7203959973878481 0.21141689030374577 0.0 0.0 0.0
0.2 -0.22668009957370458 0.1368248913155879 0.036810218829727404 0.0 0.0 0.0
0.2 0.3135866200178798 -0.73483429458 0.44766341851184577 0.0 0.0 0.0
0.2 0.855511512301243 -0.4217829481370557 0.0750675450129726 0.0 0.0 0.0
0.2 -0.16771464883542128 -0.24945004673911486 -0.8679869336947306 0.0 0.0 0.0
0.2 0.4629409425650601 -0.11710718119922953 -0.2639428752206152 0.0 0.0 0.0
0.2 -0.08051428721582758 0.04268059259508888 0.9955058683515783 0.0 0.0 0.0
0.2 0.08906795102665234 -0.08292379945344258 -0.0966621000358688 0.0 0.0 0.0
0.2 0.2511930479375131 0.05836019410494578 -0.7169141440012513 0.0 0.0 0.0
0.2 0.7045173795353594 -0.4688445741695204 0.23839043841537752 0.0 0.0 0.0
0.2 0.7238886640066288 -0.44991366357929846 -0.30792072326823056 0.0 0.0 0.0
0.2 0.18392440081767503 0.808129948246012 0.02294506984032142 0.0 0.0 0.0
0.2 -0.23901925268281535 -0.037196751370603104 0.04106259942716412 0.0 0.0 0.0
0.2 0.4388250043322698 0.8484988453216736 -0.19016510056122038 0.0 0.0 0.0
0.2 0.16440961766091353 -0.7222716147529159 0.22445727724911904 0.0 0.0 0.0
0.2 0.43601132050783087 0.07278527475834146 0.3074215614140664 0.0 0.0 0.0
0.2 -0.10416839285674624 -0.6463022112919689 -0.6045914410036276 0.0 0.0 0.0
0.2 -0.358673617486001 -0.22043319294707292 0.5148328836012483 0.0 0.0 0.0
0.2 0.5077906383681907 0.23316553989683902 0.2917051197885769 0.0 0.0 0.0
0.2 0.2836172863399788 -0.43463922235523444 -0.16738707481570708 0.0 0.0 0.0
0.2 0.10138782830434254 0.0643892430220909 -0.8573823555808581 0.0 0.0 0.0
0.2 -0.5806711474717277 0.5042325620597424 -0.36063004657816633 0.0 0.0 0.0
0.2 0.2771476467623797 0.2457418876959976 0.5920110227070378 0.0 0.0 0.0
0.2 -0.37278610093046644 0.008720663576218044 -0.6512476799484949 0.0 0.0 0.0
0.2 -0.40966705060414754 -0.6537556586271488 0.12886522076273454 0.0 0.0 0.0
0.2 0.6451141842757806 0.08865120704117409 -0.11242913927159219 0.0 0.0 0.0
0.2 -0.5742188984610187 -0.6825277536269382 0.347200396568468 0.0 0.0 0.0
0.2 0.8730059328028117 -0.28131944895534017 -0.028532634489725105 0.0 0.0 0.0
0.2 0.5962384842693855 0.4500788020800328 0.5845487990838736 0.0 0.0 0.0
0.2 0.24897200167322328 -0.09494011629398892 -0.5345424626689796 0.0 0.0 0.0
0.2 0.1475247111819543 0.8600608086155888 0.06173982789302544 0.0 0.0 0.0
0.2 -0.41305135089423667 -0.23408365024671474 -0.5681274713937028 0.0 0.0 0.0
0.2 -0.4092754820228029 0.20348891780695774 -0.06505060838211434 0.0 0.0 0.0
0.2 0.24744614440642956 -0.8982995094728048 -0.26768329926811896 0.0 0.0 0.0
0.2 0.5512934867180252 -0.16345283781794684 -0.4536967415843561 0.0 0.0 0.0
0.2 -0.7935960474077537 -0.03949234513125894 0.007797836155193422 0.0 0.0 0.0
0.2 -0.20866411525350617 -0.4230531920370369 -0.46758996184920354 0.0 0.0 0.0
0.2 0.7593611114649799 -0.09806809560275218 0.031359960235363485 0.0 0.0 0.0
0.2 -0.6280210720813306 0.378562274250449 -0.5148043073458741 0.0 0.0 0.0
0.2 -0.5961182239706636 -0.2932939833120888 -0.5879132220081643 0.0 0.0 0.0
0.2 0.5696560489590978 -0.5534452372420439 -0.2528642582500729 0.0 0.0 0.0
