200
0
0.5 -0.42997993990043837 -0.5507996097557853 -0.653694305810567 0.0 0.0 0.0
0.5 0.6086108815307585 0.4598881576827577 -0.2384010788175528 0.0 0.0 0.0
0.5 -0.6634280623060866 0.06620563909170402 0.35141543241419215 0.0 0.0 0.0
0.5 -0.10061625225993755 -0.038080764052520026 -0.6255676210963689 0.0 0.0 0.0
0.5 -0.3330435033068174 -0.4498252317318907 0.32481010545660866 0.0 0.0 0.0
0.5 0.42234825351966304 0.14905033863046407 -0.8609505770506426 0.0 0.0 0.0
0.5 0.31680923581426107 0.6646947835914556 -0.014484980770110064 0.0 0.0 0.0
0.5 0.2883737710094538 0.4998984834712718 0.4567929990194692 0.0 0.0 0.0
0.5 0.23904398286608483 -0.8445246630729211 -0.1849459703559009 0.0 0.0 0.0
0.5 0.36677241836949503 -0.4770485950144555 -0.6573151476804422 0.0 0.0 0.0
0.5 0.1759945670148798 -0.47616277123869377 -0.48733498695422295 0.0 0.0 0.0
0.5 -0.4043060298871421 0.6800576818980347 0.12038729787427022 0.0 0.0 0.0
0.5 -0.27168187428210344 -0.1935491755281657 0.4330725744494737 0.0 0.0 0.0
0.5 -0.22577121590007 0.41609529872476014 -0.43172239197340084 0.0 0.0 0.0
0.5 -0.18343543240949903 0.2928346477741953 -0.11120597493102206 0.0 0.0 0.0
0.5 -0.8047129705127173 0.2857397149125434 -0.3830202357881635 0.0 0.0 0.0
0.5 -0.4152926653282824 -0.8126504888731735 -0.13813077036253435 0.0 0.0 0.0
0.5 0.6502348092352052 0.13305474363715813 0.46459049775986383 0.0 0.0 0.0
0.5 -0.2475644149818569 0.12267644612076345 -0.7013488945768563 0.0 0.0 0.0
0.5 0.7209078605113922 0.5592780557241751 0.3543776282954954 0.0 0.0 0.0
0.5 -0.10877182942935387 0.3508472155602553 0.16580929989170942 0.0 0.0 0.0
0.5 -0.08585475070885684 0.8968557675447809 0.4068876846644727 0.0 0.0 0.0
0.5 0.7734756460501252 -0.3207369263169539 0.4659984506276348 0.0 0.0 0.0
0.5 0.15551844849764274 -0.23712292932682322 -0.5843316554307337 0.0 0.0 0.0
0.5 0.23103225427396917 -0.2236514805183003 -0.670142538249688 0.0 0.0 0.0
0.5 0.46321975212907385 0.0454360391378 0.21316564659046747 0.0 0.0 0.0
0.5 -0.0691992403191472 -0.05714019861895122 0.5535857859167231 0.0 0.0 0.0
0.5 0.5951175630845664 0.19481810943548547 -0.26043388335543266 0.0 0.0 0.0
0.5 -0.04526089025241443 -0.5483942844116053 0.45885223879975207 0.0 0.0 0.0
0.5 -0.20864935962177775 -0.29622745496655134 -0.724691951835184 0.0 0.0 0.0
0.5 0.06716994246747522 -0.0649137861839197 0.9905650284119102 0.0 0.0 0.0
0.5 0.47837327881480685 -0.3739191472214906 0.4535889430540401 0.0 0.0 0.0
0.5 -0.05218465005967032 -0.4726437972681997 0.11905172927465281 0.0 0.0 0.0
0.5 -0.5278418930166816 -0.012712031287559258 0.5151786434149097 0.0 0.0 0.0
0.5 0.5981302357024056 0.4151153956787951 0.012271158117204405 0.0 0.0 0.0
0.5 -0.14288268272504526 -0.34777673287642413 -0.0896099195231405 0.0 0.0 0.0
0.5 0.8003921874319355 0.11842910003262137 -0.30517744915127515 0.0 0.0 0.0
0.5 0.39187744433005556 0.494995710599702 0.3386667336569094 0.0 0.0 0.0
0.5 -0.05839817977409736 0.2884013340500186 -0.36116394784864714 0.0 0.0 0.0
0.5 0.48589181127855663 0.379213502322888 -0.25050079491105204 0.0 0.0 0.0
0.5 -0.12949396313300476 -0.6770353019647807 -0.6155862146594133 0.0 0.0 0.0
0.5 0.5156634668014527 0.260168326404523 0.35614079580353114 0.0 0.0 0.0
0.5 -0.3574082137240018 0.17828029442534876 0.438484521201243 0.0 0.0 0.0
0.5 -0.033242775467460066 0.05585368146601591 -0.1357434106141588 0.0 0.0 0.0
0.5 0.3946419091220683 0.4531350171354234 -0.4715541725349838 0.0 0.0 0.0
0.5 0.6983530035904333 -0.10111192035630777 0.22771425842540088 0.0 0.0 0.0
0.5 0.30262239067104657 -0.5023704577587039 -0.7109795985049919 0.0 0.0 0.0
0.5 0.26361730872061967 -0.03974912218834522 0.6732740030637151 0.0 0.0 0.0
0.5 -0.01747983054665837 0.38895784478400874 0.017658600227505428 0.0 0.0 0.0
0.5 -0.2158421474589066 0.3794859701037029 0.6193065764105472 0.0 0.0 0.0
0.5 -0.19293216031707477 -0.07490721513253144 -0.8598734327917082 0.0 0.0 0.0
0.5 -0.27731129557360307 0.5604904091929138 -0.12045296939661074 0.0 0.0 0.0
0.5 -0.45432629998223656 0.22245196948101664 -0.6336098093647142 0.0 0.0 0.0
0.5 0.658732203892327 0.3785966971694205 -0.16404394482485704 0.0 0.0 0.0
0.5 -0.3987053392663104 0.3911319615266141 -0.6202664744077229 0.0 0.0 0.0
0.5 0.4836635599978267 0.5222856826353384 0.4000907990383113 0.0 0.0 0.0
0.5 -0.14365707841856212 0.25043856366089084 0.37550129357191936 0.0 0.0 0.0
0.5 -0.5319697240964458 0.6031615508002609 -0.550054838769123 0.0 0.0 0.0
0.5 -0.2852322267526758 -0.5849758780008246 0.019861273727764455 0.0 0.0 0.0
0.5 0.2931044740029331 -0.13062192688543658 0.23276042696900773 0.0 0.0 0.0
0.5 0.4783778780793517 0.31389375467835406 0.5885275259450186 0.0 0.0 0.0
0.5 0.19559096004723753 -0.7289671229248086 -0.09007878798439575 0.0 0.0 0.0
0.5 0.542679072783141 0.2316438779523242 0.4899403191679539 0.0 0.0 0.0
0.5 -0.37970502131969197 -0.43749381590685515 -0.3675500177965843 0.0 0.0 0.0
0.5 0.6609192411214988 -0.07257122770634969 -0.368458822609728 0.0 0.0 0.0
0.5 -0.9398925594528116 -0.16794316079315047 0.18386784896574213 0.0 0.0 0.0
0.5 -0.6479488326083676 -0.02790359326190763 0.7304005830612236 0.0 0.0 0.0
0.5 0.5720171442704314 -0.3658152987999887 -0.545104749752285 0.0 0.0 0.0
0.5 -0.09550172850635506 -0.4613460685037443 -0.30897662941255344 0.0 0.0 0.0
0.5 -0.04786988031140881 0.44451232777421046 -0.5264745267946724 0.0 0.0 0.0
0.5 0.5725145949990122 -0.024793637103305777 -0.754963797646651 0.0 0.0 0.0
0.5 -0.44471319503945095 0.40518298095657773 -0.6473125747114797 0.0 0.0 0.0
0.5 0.15209314898721396 0.402685615574653 -0.388424470757967 0.0 0.0 0.0
0.5 0.04362369281427991 0.5711588619306109 0.2837557668048854 0.0 0.0 0.0
0.5 0.30804929563666505 -0.030556856072084325 0.7288003965833789 0.0 0.0 0.0
0.5 0.3868043098632515 0.7184897696456825 0.1981356194775628 0.0 0.0 0.0
0.5 0.5198188899274298 0.6461076136323939 0.02959698067221952 0.0 0.0 0.0
0.5 0.34043114336347363 -0.07643453305104482 0.8549183319919986 0.0 0.0 0.0
0.5 -0.5416923157698352 -0.5226586485790266 0.03781446689791562 0.0 0.0 0.0
0.5 -0.3109196607385017 -0.12744750377193503 -0.5469977991188808 0.0 0.0 0.0
0.5 0.2725343561378088 -0.12985633349504347 0.6597548769014154 0.0 0.0 0.0
0.5 0.6309829741929349 -0.41483831366785806 0.11927163595864737 0.0 0.0 0.0
0.5 0.2169348441701304 -0.4490558009479989 -0.1297550368545603 0.0 0.0 0.0
0.5 -0.15531081012798478 -0.7895900116540402 -0.44264350579036965 0.0 0.0 0.0
0.5 0.5234544460083052 -0.17511522827083964 0.5371179340245527 0.0 0.0 0.0
0.5 0.34448211353669517 -0.3024529119387314 -0.5116151352745137 0.0 0.0 0.0
0.5 -0.22993314783809798 -0.7413297958463132 -0.5241563858232003 0.0 0.0 0.0
0.5 -0.0798114579379028 0.5615198476762364 0.06243377192121087 0.0 0.0 0.0
0.5 0.2419121703511531 0.044148717694070104 0.46045022981684347 0.0 0.0 0.0
0.5 -0.047547408292882884 -0.023427299257531425 0.07798253407287098 0.0 0.0 0.0
0.5 -0.6007953796471696 0.4044269895282005 0.21248501342490508 0.0 0.0 0.0
0.5 -0.5419643467215184 0.6491022425566798 0.141717799809588 0.0 0.0 0.0
0.5 0.4416458937075835 0.30704378875981464 0.306148718000361 0.0 0.0 0.0
0.5 -0.7337093340273277 0.6210210284334021 -0.15953102286615753 0.0 0.0 0.0
0.5 0.6693086220343392 -0.03663057570352079 0.6525023039892763 0.0 0.0 0.0
0.5 -0.16557109009605647 0.6816633558382029 -0.5210146597795392 0.0 0.0 0.0
0.5 -0.558187273709067 -0.43532279636001864 -0.11652332830675317 0.0 0.0 0.0
0.5 0.3200186082676422 -0.11013716906912227 -0.109854413649737 0.0 0.0 0.0
0.5 0.032139796301391285 -0.9433019189839456 -0.2999033565740515 0.0 0.0 0.0
0.5 -0.12190449650526358 0.7967620102121794 -0.36795158386165966 0.0 0.0 0.0
0.5 -0.11386428965010575 0.057179777025280404 -0.3415886129794787 0.0 0.0 0.0
0.5 -0.16060758662065716 -0.49423896682908836 -0.4147114071981688 0.0 0.0 0.0
0.5 -0.7148771303362598 -0.1411405649420133 -0.6690660880104852 0.0 0.0 0.0
0.5 -0.2095925950926137 0.5849907080543483 -0.5000219437061519 0.0 0.0 0.0
0.5 0.47412367619605134 -0.05733427017278585 0.5060901651992035 0.0 0.0 0.0
0.5 -0.517615635759806 0.32004433061884496 -0.5548740717297818 0.0 0.0 0.0
0.5 -0.26165231623149754 -0.8504334512819691 0.22873119484923563 0.0 0.0 0.0
0.5 -0.42807211487174385 0.793746504287398 0.193383922422835 0.0 0.0 0.0
0.5 0.24446917331414122 0.48837308850135536 0.17448888466724125 0.0 0.0 0.0
0.5 0.4505444146811597 0.3988023777621645 -0.1826865729986176 0.0 0.0 0.0
0.5 -0.04666243292384741 0.9528857966885674 0.03897612627595391 0.0 0.0 0.0
0.5 0.3875995015922901 -0.3875099314120337 0.29156454316148817 0.0 0.0 0.0
0.5 0.44887174777381855 -0.05987221067547999 0.6252885986503622 0.0 0.0 0.0
0.5 -0.5267093522479902 0.7217570543871912 -0.381999908801325 0.0 0.0 0.0
0.5 -0.35721454194609525 0.7658640149578704 0.43883862246154487 0.0 0.0 0.0
0.5 0.040104519698621395 -0.9317424823573942 0.17930822549587513 0.0 0.0 0.0
0.5 0.10925492747377531 0.13650324103662764 -0.6694585589881664 0.0 0.0 0.0
0.5 -0.5815992042727581 -0.07202724485039737 0.7020482928354705 0.0 0.0 0.0
0.5 -0.3953785877975478 0.8686591507730286 0.2570171076582606 0.0 0.0 0.0
0.5 -0.2602739402311939 0.6446879632036001 0.4197361699362116 0.0 0.0 0.0
0.5 -0.9531708802693081 0.16580713413084439 -0.1895728791994072 0.0 0.0 0.0
0.5 -0.6693062735063229 0.16243479759224927 -0.004644791953294545 0.0 0.0 0.0
0.5 0.4904805275715847 -0.2056361786215937 -0.6448031008710259 0.0 0.0 0.0
0.5 0.2123788148551348 -0.02793155782073857 -0.835784318862573 0.0 0.0 0.0
0.5 -0.5318592268848122 0.045519755604884755 0.17872154227659545 0.0 0.0 0.0
0.5 0.00604688749628206 0.5215396765955441 -0.1542718231124357 0.0 0.0 0.0
0.5 0.6066441650667845 -0.38938144138947345 -0.4948922654042651 0.0 0.0 0.0
0.5 0.14782110913172017 -0.22273702177732005 -0.7368878280900255 0.0 0.0 0.0
0.5 -0.43642249311162296 -0.4141655496413039 0.43136804552938557 0.0 0.0 0.0
0.5 0.5733002551387482 -0.7586970516688426 -0.13835193098364615 0.0 0.0 0.0
0.5 0.6565198250201075 0.04081681512550759 0.030149982310883255 0.0 0.0 0.0
0.5 0.2466711655509617 -0.28348143724602176 0.1941016227593941 0.0 0.0 0.0
0.5 0.3005580251695325 -0.20556214842355236 0.28739718833206984 0.0 0.0 0.0
0.5 0.4311640221351081 -0.8981091186749214 0.07038783964084872 0.0 0.0 0.0
0.5 -0.38982701813828774 0.3156257851655915 0.5560281139243184 0.0 0.0 0.0
0.5 -0.4510619717664746 -0.5991185792438856 0.3530533721355574 0.0 0.0 0.0
0.5 0.3782510134011746 -0.1844170078885745 0.5646370527941411 0.0 0.0 0.0
0.5 0.42021907696203425 -0.8907245467543843 0.021452494367485725 0.0 0.0 0.0
0.5 0.022947741102256395 0.5477412200316015 0.6355247436169895 0.0 0.0 0.0
0.5 -0.5047895585598998 0.09251350746701566 -0.06943346132558705 0.0 0.0 0.0
0.5 0.47648139446008403 0.6854162176024795 0.5274488633969765 0.0 0.0 0.0
0.5 -0.3267575242289438 -0.8869767187320249 -0.2741155786842615 0.0 0.0 0.0
0.5 -0.49971541792497093 -0.5255518573866674 0.51575113681978 0.0 0.0 0.0
0.5 0.026207774118688652 0.2701418921121846 0.13902235417289513 0.0 0.0 0.0
0.5 -0.35824174079196613 -0.14530264264039314 -0.47268001662661296 0.0 0.0 0.0
0.5 0.37813622558910925 0.6410877952608324 0.464017479988996 0.0 0.0 0.0
0.5 0.26212302524409875 0.6467169485583093 0.22776208085149816 0.0 0.0 0.0
0.5 -0.401287863552369 0.2344267358467705 -0.2909165458710606 0.0 0.0 0.0
0.5 0.6526376473680409 -0.21594504383321064 -0.4256927686002238 0.0 0.0 0.0
0.5 -0.28794005350877877 -0.5588625678760932 0.335984697695888 0.0 0.0 0.0
0.5 -0.34776320335453387 -0.05241169712018752 -0.8215322339107095 0.0 0.0 0.0
0.5 -0.10892436794832766 -0.4288612526722089 0.009615507397737056 0.0 0.0 0.0
0.5 -0.12440928340986318 0.6668386212845295 -0.6973337487511231 0.0 0.0 0.0
0.5 0.41376024501498376 -0.30172211751176314 -0.5256351431536636 0.0 0.0 0.0
0.5 -0.4455084307920114 0.4862936549822534 -0.5393630701709436 0.0 0.0 0.0
0.5 -0.7206662146878691 -0.04277740090827646 -0.11025111375705632 0.0 0.0 0.0
0.5 0.6215628866136415 0.34916629121110443 -0.6948573287313365 0.0 0.0 0.0
0.5 0.699995801124413 0.41856541569443656 -0.5016053503987454 0.0 0.0 0.0
0.5 -0.5908109416447802 -0.1723382022942571 -0.01114598412404797 0.0 0.0 0.0
0.5 0.42962510223221134 -0.5323073378196167 0.470509721213413 0.0 0.0 0.0
0.5 -0.21808056429296074 -0.23530071942131245 0.13163620833964595 0.0 0.0 0.0
0.5 0.14902046677828149 0.0494138815411523 -0.4197200167348134 0.0 0.0 0.0
0.5 0.3665702532338907 0.16686165266859948 0.24783520290541589 0.0 0.0 0.0
0.5 -0.05426958372122213 0.004680259198022946 0.08228980533045549 0.0 0.0 0.0
0.5 -0.23880101575690363 -0.8927126038296714 -0.22739289385844746 0.0 0.0 0.0
0.5 -0.11296072805976538 -0.1998237304605062 0.4486422444373549 0.0 0.0 0.0
0.5 -0.2743390372132237 -0.2755450488106242 0.7893040675908756 0.0 0.0 0.0
0.5 -0.17671769650751082 -0.013349867221314135 -0.2698937851296546 0.0 0.0 0.0
0.5 0.13380603679593708 0.7243088756813986 0.15551106025883812 0.0 0.0 0.0
0.5 -0.23783997073879012 -0.47306445928767604 -0.17308255774986175 0.0 0.0 0.0
0.5 0.00892611270351545 -0.5342265402900674 0.012086508992597417 0.0 0.0 0.0
0.5 -0.8832267071659177 -0.22447946094644255 -0.23978848460503188 0.0 0.0 0.0
0.5 -0.30118274026065683 -0.33978929281173265 -0.6561011997756 0.0 0.0 0.0
0.5 -0.49317572778152613 -0.22643856960652894 -0.05382957905838039 0.0 0.0 0.0
0.5 0.00029157156747230435 -0.07506731341102 0.8376374448892191 0.0 0.0 0.0
0.5 -0.0847336234256593 0.33170947173451165 -0.6687919451152493 0.0 0.0 0.0
0.5 -0.6713752742232252 0.11659231601283362 -0.21273142072068793 0.0 0.0 0.0
0.5 -0.5249364409330347 0.30275485414303743 -0.5658149051343722 0.0 0.0 0.0
0.5 -0.5677287951666949 0.30237132336014355 -0.5843850614949571 0.0 0.0 0.0
0.5 -0.4296207315626999 -0.10368789603719465 -0.31863312583554376 0.0 0.0 0.0
0.5 -0.11998577635374306 0.045349294123446744 0.3913293459234368 0.0 0.0 0.0
0.5 -0.21400410348585758 0.5101216035273687 0.5335655322850185 0.0 0.0 0.0
0.5 -0.6600548908180668 -0.10899449356594344 -0.2926620017811176 0.0 0.0 0.0
0.5 -0.9899973070265907 0.014533723637317949 -0.08453262250110172 0.0 0.0 0.0
0.5 0.43887030325301973 -0.11948292012516518 0.008151987867583345 0.0 0.0 0.0
0.5 -0.6847571854471378 -0.4357233597556324 0.021344381380957275 0.0 0.0 0.0
0.5 -0.44216302227667903 0.44935104403644616 -0.06878377950459927 0.0 0.0 0.0
0.5 -0.20204683976834925 -0.24845455695552665 0.056038105633384835 0.0 0.0 0.0
0.5 -0.15030166590554375 -0.8461925790416531 0.2534880456995274 0.0 0.0 0.0
0.5 -0.4063165034594109 -0.20508708858540833 0.7832308615372189 0.0 0.0 0.0
0.5 0.16529878291726643 -0.08109518292914585 0.6954607794229287 0.0 0.0 0.0
0.5 0.3331381904660315 0.5492588840269212 0.7342265350519311 0.0 0.0 0.0
0.5 -0.07832360702018468 0.8367916268954873 -0.18196071238824876 0.0 0.0 0.0
0.5 0.27041854645048685 -0.9407416666196642 0.1347574254459832 0.0 0.0 0.0
0.5 -0.4277129582752915 -0.1281148076823857 -0.10704376800007946 0.0 0.0 0.0
0.5 -0.5251952844740951 0.779536240096793 -0.1180023938990703 0.0 0.0 0.0
0.5 0.6351547958821713 0.03401325624201762 -0.7111679984441535 0.0 0.0 0.0
0.5 -0.6207587962032225 -0.6901184016640322 -0.21426946609940326 0.0 0.0 0.0
0.5 0.4318357300629764 -0.5383642448400642 -0.17192028653943325 0.0 0.0 0.0
0.5 0.4138291295153426 0.048109151631654155 -0.2096995644242179 0.0 0.0 0.0
